0 0.499220 0.499219 0.126564 0.154688
0 0.049219 0.639845 0.098438 0.267188
0 0.759377 0.559376 0.190624 0.206251
0 0.132033 0.492188 0.101564 0.143750
0 0.262501 0.567187 0.165624 0.215624
0 0.009375 0.517188 0.018751 0.162500
0 0.216407 0.914063 0.432814 0.171874
0 0.889845 0.524219 0.101564 0.173437
0 0.051564 0.485157 0.078124 0.123437
0 0.277344 0.485157 0.135936 0.070312
1 0.528124 0.435155 0.034376 0.023438
1 0.152344 0.429688 0.026564 0.021875
1 0.257812 0.886719 0.156248 0.107813
1 0.052344 0.439064 0.039064 0.034375
1 0.033593 0.528906 0.042188 0.035937
1 0.300781 0.457813 0.032812 0.021875
1 0.289845 0.482032 0.039064 0.035937
1 0.800781 0.477343 0.057812 0.051563
1 0.895312 0.455468 0.050000 0.051563
