0 0.493748 0.656250 0.221876 0.371876
0 0.771876 0.589843 0.118748 0.214063
0 0.204688 0.546094 0.062500 0.101563
0 0.331252 0.595313 0.112500 0.225000
0 0.160936 0.542969 0.040624 0.092187
0 0.276564 0.569532 0.059376 0.157813
0 0.034375 0.597657 0.068750 0.232812
0 0.423436 0.617968 0.106248 0.282812
1 0.499732 0.500613 0.054420 0.059926
1 0.005673 0.504019 0.011346 0.043670
1 0.456584 0.497179 0.038784 0.039701
1 0.783632 0.502341 0.037000 0.037861
1 0.343244 0.501767 0.031972 0.036187
1 0.295160 0.503729 0.024136 0.026467
1 0.170724 0.506121 0.015836 0.018164
1 0.204964 0.504476 0.016152 0.017755
1 0.015820 0.508908 0.011292 0.018684
