0 0.759376 0.835156 0.303124 0.329687
0 0.417188 0.733594 0.190624 0.229687
0 0.033594 0.849219 0.067188 0.301562
0 0.626564 0.718751 0.200000 0.221875
0 0.033594 0.673438 0.067188 0.175001
0 0.734376 0.649219 0.112500 0.157813
0 0.551564 0.557813 0.134376 0.165625
0 0.867188 0.663281 0.140624 0.110938
0 0.876564 0.803906 0.243748 0.301563
1 0.005469 0.726563 0.010938 0.056250
1 0.022656 0.600781 0.035936 0.029687
1 0.453124 0.635937 0.050000 0.034376
1 0.656248 0.626561 0.056252 0.040626
1 0.740624 0.585157 0.037500 0.032812
1 0.810156 0.698438 0.057812 0.056250
1 0.959376 0.676563 0.071876 0.049999
1 0.911720 0.623439 0.035936 0.037501
1 0.586720 0.499999 0.054688 0.043749
