0 0.278908 0.586720 0.179688 0.235937
0 0.557032 0.696094 0.289064 0.332813
0 0.657032 0.499219 0.135936 0.160938
0 0.759376 0.667188 0.243748 0.309375
0 0.503908 0.566406 0.195312 0.210938
0 0.511720 0.400782 0.142188 0.157813
0 0.779688 0.506250 0.178124 0.093751
1 0.800780 0.478125 0.048436 0.034376
1 0.307812 0.489063 0.043748 0.034376
1 0.604688 0.550780 0.062500 0.045313
1 0.777344 0.535156 0.067188 0.042188
1 0.671876 0.434374 0.037500 0.025000
1 0.542188 0.481251 0.056252 0.031250
1 0.546876 0.348438 0.053124 0.043749
