0 0.924220 0.499220 0.148436 0.179687
0 0.256252 0.636720 0.240624 0.295312
0 0.453908 0.485938 0.142188 0.165625
0 0.342188 0.903906 0.659376 0.192187
0 0.599220 0.566407 0.214064 0.242188
0 0.357032 0.478907 0.095312 0.151562
0 0.254688 0.418751 0.090624 0.084375
0 0.251564 0.485938 0.131252 0.150001
1 0.977344 0.423438 0.042188 0.028125
1 0.264844 0.386720 0.029688 0.023438
1 0.274220 0.428124 0.035936 0.028125
1 0.357812 0.416406 0.037500 0.032812
1 0.299220 0.507032 0.051564 0.045313
1 0.485936 0.416406 0.040624 0.029687
1 0.646092 0.469531 0.045312 0.039062
1 0.667188 0.444531 0.037500 0.026563
1 0.448436 0.871093 0.159376 0.117187
