0 0.735157 0.562501 0.179688 0.240624
0 0.367188 0.531250 0.109376 0.162499
0 0.169533 0.572657 0.189064 0.267188
0 0.451564 0.510157 0.059376 0.104688
0 0.499220 0.500000 0.057812 0.081250
0 0.632032 0.510157 0.070312 0.107813
0 0.289845 0.503126 0.042188 0.090626
0 0.225000 0.552344 0.096876 0.210938
0 0.261721 0.507032 0.048436 0.098437
0 0.101564 0.503126 0.050000 0.093751
1 0.161720 0.465625 0.048436 0.053125
1 0.737501 0.465625 0.043748 0.046874
1 0.225000 0.464063 0.031248 0.037501
1 0.367188 0.464844 0.025000 0.026563
1 0.639844 0.467188 0.017188 0.021874
1 0.457813 0.465625 0.021876 0.018749
1 0.264064 0.467969 0.018748 0.017188
1 0.106249 0.466405 0.015624 0.017188
1 0.501561 0.467188 0.015624 0.015624
1 0.282033 0.465625 0.014064 0.015624
