0 0.763281 0.546874 0.160936 0.234376
0 0.160937 0.601562 0.184376 0.359374
0 0.500781 0.500000 0.070312 0.106249
0 0.291405 0.564845 0.176564 0.276563
0 0.070313 0.510937 0.084376 0.134374
0 0.464845 0.490624 0.035936 0.081250
0 0.334373 0.521094 0.062500 0.157813
1 0.180101 0.451530 0.051780 0.058327
1 0.283865 0.454973 0.046460 0.055314
1 0.770129 0.454797 0.042384 0.045979
1 0.328921 0.455929 0.023072 0.025794
1 0.069873 0.456690 0.019528 0.023996
1 0.505341 0.456773 0.019508 0.019796
1 0.075805 0.454572 0.012340 0.022165
1 0.478745 0.455893 0.013732 0.014674
1 0.343533 0.460694 0.009128 0.013621
1 0.314645 0.456174 0.008036 0.013360
