0 0.799220 0.292188 0.192188 0.371876
0 0.428908 0.190625 0.126564 0.228125
0 0.499219 0.500000 0.364064 0.653125
0 0.264063 0.147657 0.071876 0.164063
0 0.632031 0.211719 0.142188 0.251563
0 0.234375 0.106250 0.040624 0.103124
0 0.791408 0.112501 0.076564 0.081250
1 0.507812 0.229688 0.100000 0.112500
1 0.086719 0.103125 0.039064 0.046874
1 0.430467 0.095313 0.032812 0.037501
1 0.243751 0.064063 0.018748 0.018749
1 0.817187 0.137501 0.059376 0.059375
1 0.815623 0.090624 0.037500 0.034376
1 0.643752 0.114062 0.050000 0.053125
