0 0.471877 0.654688 0.250000 0.359375
0 0.320313 0.612501 0.159376 0.250000
0 0.877345 0.605469 0.182812 0.235937
0 0.029688 0.588281 0.059377 0.185938
0 0.710157 0.650782 0.267188 0.314062
0 0.604689 0.594532 0.134376 0.210938
0 0.764845 0.478907 0.123436 0.104688
1 0.500001 0.499220 0.056252 0.045313
1 0.896873 0.506251 0.043748 0.034375
1 0.338281 0.503907 0.035936 0.029687
1 0.020313 0.507812 0.040625 0.037501
1 0.860157 0.503907 0.035936 0.023438
1 0.793749 0.451562 0.056252 0.053125
1 0.744533 0.497656 0.057812 0.048438
1 0.609373 0.504687 0.046876 0.034375
