0 0.124219 0.782032 0.229688 0.373437
0 0.585939 0.657813 0.137500 0.256250
0 0.914063 0.633595 0.118748 0.229687
0 0.368751 0.553906 0.078124 0.157813
0 0.091407 0.514063 0.073436 0.115625
0 0.661720 0.496875 0.057812 0.106249
0 0.467187 0.623438 0.125000 0.218750
0 0.549219 0.472656 0.048436 0.082813
0 0.499219 0.500001 0.057812 0.109375
0 0.291408 0.507813 0.070312 0.115625
0 0.249219 0.496875 0.035936 0.106249
0 0.399220 0.475782 0.042188 0.089062
0 0.439063 0.489844 0.056252 0.098437
0 0.728908 0.564063 0.092188 0.165625
1 0.113279 0.631250 0.070312 0.068751
1 0.583595 0.553125 0.042188 0.046874
1 0.458595 0.530468 0.039064 0.032812
1 0.919532 0.535938 0.032812 0.034376
1 0.731252 0.496095 0.025000 0.026563
1 0.370312 0.489844 0.021876 0.026563
1 0.292187 0.461719 0.021876 0.023438
1 0.440624 0.449999 0.018748 0.018749
1 0.666408 0.455469 0.017188 0.020313
1 0.082812 0.464845 0.018748 0.017188
1 0.503124 0.457813 0.018748 0.018749
1 0.259375 0.454688 0.015624 0.018749
1 0.403908 0.441406 0.017188 0.017188
1 0.546875 0.439845 0.012500 0.014063
1 0.263279 0.456250 0.010936 0.012501
1 0.028125 0.956250 0.056250 0.087500
