0 0.497655 0.654687 0.223436 0.368750
0 0.828126 0.589844 0.131252 0.214063
0 0.281251 0.546874 0.062500 0.099999
0 0.241407 0.543751 0.039064 0.090626
0 0.370311 0.594531 0.103124 0.220313
0 0.057031 0.597657 0.114062 0.223438
0 0.075783 0.563281 0.048436 0.132813
0 0.096095 0.546874 0.039064 0.099999
0 0.021874 0.583594 0.043749 0.192188
0 0.340627 0.569532 0.068752 0.157813
1 0.500115 0.500727 0.059416 0.059587
1 0.041842 0.506594 0.036180 0.041148
1 0.834915 0.502153 0.037736 0.038342
1 0.388942 0.503559 0.032100 0.036263
1 0.356098 0.502707 0.023196 0.023369
1 0.471814 0.495273 0.015440 0.032294
1 0.008387 0.502378 0.016775 0.027196
1 0.067062 0.507168 0.020736 0.020587
1 0.091174 0.507978 0.019172 0.020293
1 0.281998 0.506640 0.015364 0.017134
1 0.250155 0.506662 0.015220 0.016211
