0 0.174220 0.611719 0.267188 0.376562
0 0.777344 0.499219 0.232812 0.239063
0 0.567188 0.516407 0.203124 0.235937
0 0.902344 0.583594 0.192188 0.285937
0 0.054688 0.523438 0.109376 0.250000
0 0.132032 0.450000 0.098436 0.128124
0 0.609376 0.378907 0.168752 0.145312
1 0.049220 0.418750 0.035936 0.037501
1 0.135936 0.403907 0.034376 0.032812
1 0.213280 0.448437 0.054688 0.037501
1 0.605468 0.416406 0.039064 0.032812
1 0.664844 0.338281 0.067188 0.054688
1 0.806248 0.412500 0.043748 0.037501
1 0.845312 0.392970 0.034376 0.020313
