0 0.955469 0.596876 0.089062 0.225000
0 0.171095 0.594531 0.139064 0.220313
0 0.667970 0.548438 0.067188 0.103124
0 0.315626 0.547657 0.065624 0.101563
0 0.256251 0.562500 0.071876 0.137500
0 0.508594 0.656251 0.248436 0.368750
0 0.623439 0.526563 0.025000 0.053125
1 0.499999 0.500781 0.056252 0.057812
1 0.557031 0.506250 0.048436 0.056250
1 0.987501 0.505470 0.024997 0.042188
1 0.169530 0.507812 0.039064 0.043749
1 0.260155 0.507031 0.020312 0.023438
1 0.317187 0.508595 0.018748 0.020313
1 0.671874 0.509375 0.018748 0.018749
1 0.630470 0.507812 0.010936 0.015624
