0 0.485938 0.641405 0.178124 0.342187
0 0.671874 0.611719 0.200000 0.276563
0 0.374217 0.583594 0.110936 0.204687
0 0.562502 0.557031 0.071876 0.132813
0 0.799217 0.568751 0.089064 0.159374
0 0.897657 0.535937 0.045312 0.081250
0 0.857029 0.546874 0.060936 0.103124
1 0.499773 0.499833 0.051208 0.057382
1 0.662230 0.502288 0.046712 0.054648
1 0.381669 0.502018 0.037896 0.041184
1 0.698921 0.499923 0.033656 0.037546
1 0.416681 0.501064 0.025548 0.029905
1 0.811886 0.501851 0.025668 0.025576
1 0.569850 0.503301 0.019652 0.022849
1 0.870605 0.504039 0.017208 0.017453
1 0.895641 0.505186 0.014792 0.016326
1 0.577670 0.504666 0.009772 0.021557
1 0.857941 0.502304 0.014048 0.013460
