0 0.703123 0.549218 0.171876 0.239063
0 0.282031 0.521874 0.089064 0.159374
0 0.499999 0.500000 0.078124 0.106249
0 0.076563 0.596876 0.153125 0.346876
0 0.185939 0.567187 0.196876 0.278125
0 0.333595 0.498438 0.039064 0.099999
0 0.355467 0.489843 0.039064 0.076563
0 0.312499 0.494532 0.031248 0.095312
1 0.037523 0.452406 0.051980 0.057805
1 0.178707 0.456820 0.045628 0.055496
1 0.711015 0.455900 0.044676 0.048944
1 0.204351 0.455999 0.020220 0.037062
1 0.291223 0.455893 0.023368 0.026244
1 0.506167 0.457378 0.019676 0.020943
1 0.332415 0.456577 0.017720 0.016277
1 0.137263 0.457898 0.014012 0.016240
1 0.351883 0.459185 0.014716 0.014886
1 0.317971 0.456888 0.014612 0.013469
