0 0.492188 0.678125 0.250000 0.421875
0 0.975001 0.460156 0.049999 0.242188
0 0.041407 0.546876 0.082813 0.309375
0 0.764064 0.382032 0.109376 0.182812
0 0.683596 0.326563 0.085936 0.140625
0 0.113282 0.800782 0.226564 0.398437
0 0.949220 0.281250 0.070312 0.106250
0 0.960938 0.344531 0.078125 0.154688
1 0.012499 0.413282 0.024997 0.045313
1 0.777343 0.304688 0.029688 0.025000
1 0.070312 0.642969 0.087500 0.082813
1 0.500000 0.500000 0.087500 0.074999
1 0.689063 0.268749 0.025000 0.018749
1 0.959375 0.241407 0.025000 0.020313
1 0.987501 0.278905 0.024998 0.020313
