0 0.364845 0.850781 0.242188 0.298437
0 0.657033 0.703125 0.123436 0.228125
0 0.799220 0.738282 0.139064 0.264062
0 0.511720 0.626563 0.082812 0.168750
0 0.399221 0.575782 0.073436 0.123437
0 0.659376 0.531250 0.046876 0.084375
0 0.792188 0.556250 0.056252 0.109375
0 0.164064 0.586719 0.084376 0.129688
0 0.617188 0.565626 0.043748 0.115625
0 0.551565 0.552344 0.059376 0.101563
0 0.350000 0.562500 0.053124 0.112500
0 0.900001 0.629688 0.084376 0.168750
0 0.500000 0.531250 0.053124 0.081250
1 0.352344 0.736718 0.079688 0.070312
1 0.797657 0.631249 0.042188 0.046874
1 0.899221 0.560156 0.026564 0.026563
1 0.394533 0.525780 0.023436 0.023438
1 0.157033 0.532031 0.023436 0.020313
1 0.489065 0.555469 0.015624 0.026563
1 0.350781 0.517968 0.020312 0.020313
1 0.795312 0.514062 0.018748 0.018749
1 0.549221 0.510937 0.020312 0.018749
1 0.624220 0.517188 0.020312 0.018749
1 0.499220 0.499219 0.017188 0.017188
1 0.656249 0.496094 0.012500 0.014063
