0 0.736719 0.548438 0.167188 0.234376
0 0.098439 0.597656 0.187500 0.351562
0 0.242967 0.566406 0.185936 0.279688
0 0.499219 0.500000 0.057812 0.106249
0 0.304687 0.521874 0.084376 0.159374
0 0.475783 0.490624 0.032812 0.081250
0 0.344531 0.497655 0.051564 0.101563
0 0.052343 0.471875 0.042188 0.056250
1 0.111879 0.451078 0.052636 0.057262
1 0.237483 0.456019 0.049064 0.055341
1 0.743047 0.455448 0.042284 0.046442
1 0.314251 0.456226 0.023424 0.026748
1 0.063803 0.455252 0.017416 0.023769
1 0.509027 0.456984 0.019232 0.020216
1 0.338923 0.457065 0.014884 0.017955
1 0.488671 0.456836 0.014024 0.016486
1 0.156423 0.455677 0.012384 0.017496
