0 0.499220 0.701564 0.251564 0.487501
0 0.071876 0.554688 0.084376 0.140625
0 0.157032 0.560939 0.107812 0.156249
0 0.259376 0.540625 0.075000 0.109375
0 0.669532 0.607032 0.139064 0.264062
0 0.871876 0.617188 0.125000 0.287501
0 0.371876 0.582813 0.062500 0.203125
0 0.686720 0.547657 0.057812 0.120312
0 0.336720 0.550782 0.042188 0.123437
1 0.500780 0.500780 0.095312 0.085937
1 0.657812 0.496094 0.037500 0.039062
1 0.150780 0.498438 0.035936 0.031250
1 0.385936 0.497657 0.031248 0.032812
1 0.667968 0.503125 0.020312 0.034376
1 0.066408 0.496874 0.029688 0.025000
1 0.253908 0.498438 0.023436 0.021874
1 0.351564 0.497657 0.021876 0.020313
1 0.885936 0.497657 0.043748 0.042188
