0 0.237500 0.514063 0.134376 0.171875
0 0.844532 0.524220 0.098436 0.195313
0 0.664064 0.485938 0.071876 0.106249
0 0.500000 0.500000 0.084376 0.140625
0 0.761721 0.492969 0.070312 0.126562
0 0.982813 0.629688 0.034373 0.468749
0 0.584376 0.503906 0.096876 0.154688
0 0.886721 0.496095 0.067188 0.129688
1 0.221093 0.442187 0.035936 0.028125
1 0.582032 0.442187 0.032812 0.031250
1 0.839845 0.441406 0.032812 0.029687
1 0.879689 0.442187 0.031248 0.021874
1 0.493749 0.442187 0.028124 0.025000
1 0.764845 0.443750 0.026564 0.025000
1 0.660157 0.443750 0.023436 0.021874
