0 0.582814 0.155469 0.100000 0.135938
0 0.195314 0.292969 0.162500 0.242188
0 0.432814 0.726563 0.440624 0.546875
0 0.793750 0.204688 0.137500 0.178126
0 0.398438 0.217970 0.134376 0.198437
0 0.280470 0.152344 0.076564 0.135938
0 0.113282 0.114063 0.070312 0.106250
0 0.892970 0.172657 0.076564 0.151562
0 0.138282 0.177344 0.104688 0.154688
0 0.208594 0.141407 0.070312 0.104688
1 0.500002 0.500000 0.121876 0.093751
1 0.601562 0.097656 0.028124 0.020313
1 0.289842 0.096875 0.023436 0.021875
1 0.123438 0.074220 0.025000 0.020313
1 0.153126 0.111718 0.028124 0.020313
1 0.209374 0.101562 0.028124 0.025000
1 0.424998 0.124219 0.031248 0.020313
1 0.424218 0.141407 0.032812 0.026563
1 0.221874 0.185156 0.037500 0.029687
1 0.829686 0.139843 0.043748 0.035937
1 0.892970 0.111718 0.035936 0.026563
