0 0.504688 0.634375 0.215624 0.337500
0 0.652344 0.546875 0.070312 0.109375
0 0.156251 0.710938 0.312502 0.578124
0 0.896876 0.585157 0.090624 0.207812
0 0.964845 0.599219 0.070310 0.242188
0 0.818752 0.546875 0.034376 0.106249
0 0.857032 0.564063 0.051564 0.143750
0 0.799220 0.542969 0.029688 0.095312
1 0.051029 0.497670 0.102058 0.151585
1 0.499760 0.500708 0.061284 0.067432
1 0.990361 0.501824 0.019278 0.045898
1 0.875808 0.500629 0.023432 0.024352
1 0.648680 0.501945 0.017224 0.018592
1 0.838072 0.504350 0.013140 0.019809
1 0.813560 0.501821 0.015972 0.015988
1 0.809520 0.505106 0.008260 0.019586
