0 0.817188 0.548438 0.150000 0.225000
0 0.035938 0.546094 0.071877 0.220313
0 0.499220 0.500000 0.067188 0.103124
0 0.146876 0.499219 0.065624 0.101563
0 0.087501 0.514063 0.071876 0.137500
0 0.339844 0.607814 0.248436 0.368750
0 0.454689 0.478126 0.025000 0.053125
1 0.331249 0.452343 0.056252 0.057812
1 0.388281 0.457813 0.048436 0.056250
1 0.826564 0.457032 0.040624 0.042188
1 0.010156 0.459374 0.020312 0.043749
1 0.091405 0.458594 0.020312 0.023438
1 0.148437 0.460157 0.018748 0.020313
1 0.503124 0.460938 0.018748 0.018749
1 0.461720 0.459374 0.010936 0.015624
