0 0.493748 0.660157 0.225000 0.379688
0 0.739064 0.592189 0.112500 0.215624
0 0.146877 0.548437 0.062500 0.103124
0 0.101564 0.544531 0.043748 0.092187
0 0.296877 0.598437 0.109376 0.228125
0 0.232033 0.571875 0.064064 0.159374
0 0.406249 0.621094 0.109376 0.292187
1 0.500597 0.500314 0.055792 0.060003
1 0.441468 0.499036 0.043680 0.047194
1 0.752888 0.503406 0.036760 0.038059
1 0.312268 0.505024 0.033140 0.037361
1 0.249416 0.505512 0.024128 0.026424
1 0.108968 0.507739 0.017236 0.018342
1 0.146404 0.506281 0.016500 0.018293
1 0.235261 0.504967 0.007216 0.010487
