0 0.670312 0.550000 0.178124 0.243749
0 0.500779 0.500000 0.076564 0.109375
0 0.015625 0.592968 0.031249 0.342187
0 0.128124 0.563282 0.200000 0.276563
0 0.027345 0.508593 0.054690 0.132813
0 0.255467 0.520313 0.089064 0.159374
0 0.353908 0.487499 0.045312 0.081250
0 0.313279 0.498437 0.060936 0.103124
1 0.118480 0.453851 0.046712 0.054648
1 0.677828 0.453034 0.044248 0.048544
1 0.155171 0.451486 0.033656 0.037546
1 0.268136 0.453414 0.025668 0.025576
1 0.026100 0.454863 0.019652 0.022849
1 0.504744 0.455392 0.019504 0.020155
1 0.326855 0.455601 0.017208 0.017453
1 0.351891 0.456748 0.014792 0.016326
1 0.033920 0.456229 0.009772 0.021557
1 0.314191 0.453866 0.014048 0.013460
