0 0.635939 0.782813 0.265624 0.434374
0 0.210940 0.514844 0.109376 0.151562
0 0.499219 0.500001 0.089064 0.137500
0 0.859375 0.603125 0.112500 0.246874
0 0.986719 0.627344 0.026562 0.276563
0 0.946875 0.478907 0.059376 0.117187
0 0.599220 0.461720 0.060936 0.098437
0 0.434375 0.489844 0.065624 0.126562
0 0.760939 0.486719 0.059376 0.126562
0 0.671875 0.539063 0.103124 0.171875
0 0.786720 0.457813 0.045312 0.090626
1 0.861720 0.497657 0.039064 0.039062
1 0.656252 0.466406 0.040624 0.029687
1 0.496096 0.444532 0.029688 0.026563
1 0.196096 0.450782 0.029688 0.026563
1 0.433596 0.437500 0.023436 0.021874
1 0.760939 0.436720 0.021876 0.020313
1 0.948439 0.430469 0.021876 0.020313
1 0.596095 0.423438 0.020312 0.018749
1 0.781252 0.419532 0.015624 0.014063
1 0.781252 0.426563 0.015624 0.003125
1 0.624219 0.606251 0.095312 0.106249
