0 0.698439 0.766407 0.240624 0.295312
0 0.314063 0.607814 0.112500 0.159374
0 0.896095 0.615625 0.142188 0.165625
0 0.384375 0.667969 0.146876 0.210937
0 0.967188 0.696095 0.065625 0.242188
0 0.799219 0.608594 0.095312 0.151562
0 0.696876 0.548438 0.090624 0.084375
0 0.693752 0.615625 0.131252 0.150001
1 0.408595 0.576563 0.035936 0.028125
1 0.331251 0.542188 0.034376 0.021875
1 0.707032 0.516407 0.029688 0.023438
1 0.716408 0.557812 0.035936 0.028125
1 0.799999 0.546094 0.037500 0.032812
1 0.741407 0.636719 0.051564 0.045313
1 0.928124 0.546094 0.040624 0.029687
