0 0.396876 0.844531 0.231252 0.310937
0 0.519533 0.657032 0.098436 0.160938
0 0.429689 0.615625 0.071876 0.125001
0 0.769533 0.705470 0.114064 0.207812
0 0.128125 0.895313 0.256251 0.209374
0 0.636720 0.582813 0.057812 0.087500
0 0.682033 0.628907 0.073436 0.132813
0 0.896876 0.650781 0.093752 0.154688
0 0.732032 0.604688 0.048436 0.106250
0 0.784377 0.590625 0.056252 0.081250
1 0.784377 0.557030 0.018748 0.014063
1 0.085157 0.831249 0.082812 0.087500
1 0.406248 0.725781 0.075000 0.073438
1 0.428904 0.570312 0.020312 0.018749
1 0.528125 0.589061 0.025000 0.028125
1 0.640624 0.547657 0.018748 0.017188
1 0.688280 0.570312 0.020312 0.021875
1 0.725001 0.564845 0.028124 0.029687
1 0.777344 0.616406 0.032812 0.026563
1 0.898436 0.579688 0.018748 0.021875
1 0.910156 0.586719 0.023436 0.023438
