0 0.209377 0.563282 0.059376 0.104688
0 0.046876 0.599219 0.093752 0.198437
0 0.469533 0.689063 0.282812 0.443749
0 0.011719 0.567188 0.023438 0.109375
0 0.389064 0.574219 0.100000 0.132813
0 0.132033 0.581250 0.085936 0.150001
1 0.500781 0.500781 0.079688 0.067187
1 0.045312 0.514844 0.031248 0.029687
1 0.217189 0.521094 0.018748 0.017188
1 0.002344 0.520314 0.004688 0.015624
1 0.140624 0.517969 0.025000 0.020313
1 0.117968 0.523436 0.026564 0.028125
1 0.388280 0.521875 0.023436 0.025000
1 0.415625 0.519531 0.018748 0.017188
