0 0.231250 0.521875 0.100000 0.162499
0 0.635938 0.553906 0.187500 0.248438
0 0.500001 0.500781 0.081252 0.114062
0 0.307813 0.499219 0.062500 0.104688
0 0.353126 0.490624 0.053124 0.081250
0 0.090625 0.565626 0.181249 0.274999
0 0.132029 0.496875 0.042188 0.099999
0 0.007032 0.510937 0.014063 0.131249
1 0.057070 0.455171 0.048580 0.053651
1 0.640845 0.456404 0.044952 0.049961
1 0.108821 0.453391 0.033132 0.037802
1 0.240978 0.456073 0.026300 0.027558
1 0.502006 0.456366 0.021252 0.023180
1 0.314614 0.455610 0.026472 0.017471
1 0.006300 0.456208 0.012600 0.021742
1 0.118917 0.458857 0.015968 0.023963
1 0.352402 0.459052 0.015696 0.016371
1 0.135393 0.455783 0.014016 0.015736
