0 0.484377 0.766407 0.300000 0.464062
0 0.127344 0.552344 0.110936 0.207812
0 0.334377 0.478907 0.065624 0.104688
0 0.237501 0.513282 0.090624 0.157813
0 0.071876 0.485938 0.043748 0.115625
0 0.499221 0.500000 0.082812 0.134374
0 0.032031 0.499219 0.064063 0.129688
0 0.546877 0.482812 0.040624 0.112500
0 0.119532 0.467188 0.057812 0.084375
1 0.028905 0.442970 0.020312 0.017188
1 0.515625 0.572657 0.078124 0.070312
1 0.538281 0.439063 0.020312 0.021875
1 0.506249 0.449218 0.031248 0.026563
1 0.342188 0.437500 0.018748 0.021875
1 0.234377 0.449218 0.021876 0.026563
1 0.251564 0.454688 0.028124 0.034375
1 0.120313 0.439063 0.021876 0.028125
1 0.140625 0.468750 0.025000 0.025000
1 0.062500 0.442970 0.028124 0.029687
