0 0.744531 0.568749 0.089064 0.159374
0 0.961719 0.546875 0.076563 0.106249
0 0.504687 0.643751 0.221876 0.346876
0 0.648439 0.614062 0.196876 0.278125
0 0.796095 0.545313 0.039064 0.099999
0 0.817967 0.536718 0.039064 0.076563
0 0.334375 0.585156 0.115624 0.207812
0 0.774999 0.541407 0.031248 0.095312
1 0.500023 0.499281 0.051980 0.057805
1 0.641207 0.503695 0.045628 0.055496
1 0.339191 0.502577 0.037548 0.041449
1 0.366939 0.501177 0.026860 0.030058
1 0.666851 0.502874 0.020220 0.037062
1 0.753723 0.502768 0.023368 0.026244
1 0.968667 0.504253 0.019676 0.020943
1 0.794915 0.503452 0.017720 0.016277
1 0.599763 0.504773 0.014012 0.016240
1 0.442235 0.502977 0.013252 0.017006
1 0.814383 0.506060 0.014716 0.014886
1 0.780471 0.503763 0.014612 0.013469
