0 0.019531 0.636719 0.039062 0.295312
0 0.379688 0.717188 0.296876 0.496874
0 0.672657 0.596876 0.107812 0.193750
0 0.802344 0.558594 0.051564 0.101563
0 0.749220 0.576563 0.070312 0.146876
0 0.600000 0.559375 0.046876 0.106249
0 0.275001 0.541407 0.078124 0.129688
0 0.501564 0.657032 0.190624 0.351562
1 0.396092 0.504687 0.073436 0.071874
1 0.678125 0.514062 0.031248 0.028125
1 0.807033 0.517188 0.017188 0.015624
1 0.276561 0.515624 0.021876 0.015624
1 0.499220 0.500781 0.060936 0.042188
1 0.442188 0.514843 0.021876 0.017188
1 0.550781 0.514062 0.014064 0.012501
1 0.594533 0.514062 0.017188 0.015624
1 0.728905 0.518749 0.023436 0.025000
1 0.753124 0.515624 0.021876 0.021875
