0 0.239846 0.514063 0.132812 0.171875
0 0.767189 0.492969 0.078124 0.126562
0 0.500001 0.500000 0.084376 0.140625
0 0.655469 0.485938 0.070312 0.109375
0 0.588282 0.507032 0.095312 0.151562
0 0.862501 0.525000 0.096876 0.196875
0 0.892970 0.496094 0.070312 0.129688
1 0.222657 0.440625 0.035936 0.031250
1 0.857814 0.440625 0.031248 0.028125
1 0.585157 0.443750 0.032812 0.028125
1 0.492969 0.440625 0.026564 0.025000
1 0.762501 0.443750 0.025000 0.025000
1 0.652346 0.442970 0.023436 0.020313
1 0.885158 0.440625 0.020312 0.021874
