0 0.732814 0.732032 0.275000 0.467188
0 0.172657 0.514063 0.123436 0.162499
0 0.927346 0.580469 0.114064 0.254687
0 0.500002 0.500000 0.096876 0.146876
0 0.425001 0.492188 0.071876 0.131249
0 0.600001 0.467969 0.065624 0.101563
0 0.975001 0.478126 0.049999 0.112500
0 0.785158 0.485157 0.064064 0.129688
0 0.807813 0.464063 0.040624 0.093751
0 0.697658 0.482032 0.101564 0.098437
1 0.925002 0.471095 0.040624 0.039062
1 0.492970 0.440625 0.035936 0.028125
1 0.690626 0.450782 0.028124 0.032812
1 0.157813 0.446095 0.031248 0.026563
1 0.660158 0.446875 0.029688 0.028125
1 0.420314 0.436719 0.028124 0.020313
1 0.982814 0.432032 0.025000 0.020313
1 0.595313 0.425782 0.018748 0.020313
1 0.780469 0.432813 0.020312 0.021874
1 0.795314 0.425001 0.018748 0.015624
1 0.732814 0.545313 0.096876 0.084375
