0 0.226564 0.232032 0.184376 0.239063
0 0.157032 0.172656 0.135936 0.173437
0 0.901564 0.196095 0.184376 0.192188
0 0.594532 0.325782 0.301564 0.329688
0 0.766408 0.199220 0.132812 0.201562
0 0.568752 0.711719 0.853124 0.576562
0 0.619532 0.203906 0.176564 0.217188
1 0.946876 0.114062 0.046876 0.031250
1 0.694532 0.500000 0.204688 0.153126
1 0.660156 0.187499 0.054688 0.043749
1 0.184376 0.106250 0.043748 0.031250
1 0.262500 0.130469 0.037500 0.032812
1 0.775780 0.112500 0.051564 0.031250
1 0.653124 0.121876 0.037500 0.031250
1 0.663280 0.090626 0.039064 0.025000
