0 0.278126 0.442970 0.118748 0.229687
0 0.700782 0.574219 0.170312 0.339062
0 0.625782 0.411719 0.098436 0.204687
0 0.500002 0.499219 0.137500 0.285937
0 0.590626 0.807813 0.306252 0.384375
0 0.027344 0.306250 0.054688 0.106249
0 0.092970 0.373438 0.092188 0.165625
1 0.607814 0.667970 0.090624 0.104688
1 0.724218 0.432032 0.051564 0.051563
1 0.283594 0.345313 0.032812 0.034376
1 0.095314 0.305470 0.025000 0.026563
1 0.030470 0.264844 0.017188 0.020313
1 0.515626 0.378905 0.043748 0.051563
1 0.642970 0.327344 0.032812 0.032812
