0 0.106250 0.775781 0.212501 0.448437
0 0.269533 0.633594 0.114064 0.254687
0 0.460157 0.650782 0.120312 0.282812
0 0.782033 0.591407 0.095312 0.182812
0 0.325001 0.531251 0.065624 0.112500
0 0.127345 0.538282 0.064064 0.129688
0 0.150001 0.517188 0.040624 0.093751
0 0.754689 0.838281 0.434376 0.323437
0 0.045314 0.535157 0.090627 0.098437
1 0.267189 0.524220 0.040624 0.039062
1 0.032813 0.503907 0.028124 0.032812
1 0.008595 0.500000 0.017189 0.028125
1 0.325001 0.485157 0.025000 0.020313
1 0.122657 0.485938 0.020312 0.021874
1 0.137501 0.478126 0.018748 0.015624
1 0.810157 0.767188 0.148436 0.187499
1 0.782813 0.514844 0.031248 0.035937
1 0.075001 0.598438 0.096876 0.084375
1 0.469533 0.532031 0.042188 0.042188
1 0.500001 0.500781 0.021876 0.032812
