0 0.496874 0.653125 0.228124 0.368750
0 0.874998 0.591407 0.137500 0.217188
0 0.394530 0.594530 0.082812 0.223438
0 0.077342 0.594530 0.148436 0.223438
0 0.339842 0.546875 0.054688 0.099999
0 0.309374 0.542189 0.040624 0.090626
0 0.123438 0.560938 0.068752 0.134374
0 0.161718 0.546875 0.051564 0.099999
1 0.500758 0.500393 0.057212 0.060311
1 0.080238 0.505853 0.037836 0.043801
1 0.883630 0.501954 0.038568 0.038282
1 0.424926 0.503196 0.030160 0.036628
1 0.095618 0.512324 0.013116 0.036009
1 0.125446 0.506051 0.019420 0.023857
1 0.158498 0.506240 0.020192 0.018731
1 0.349714 0.505275 0.015928 0.016799
1 0.403982 0.501790 0.011892 0.017131
1 0.458802 0.507820 0.012436 0.015242
