0 0.402344 0.771875 0.251564 0.428126
0 0.669532 0.571094 0.126564 0.239063
0 0.360157 0.450782 0.079688 0.129688
0 0.101564 0.462500 0.096876 0.140625
0 0.825001 0.602344 0.137500 0.270313
0 0.500000 0.500001 0.090624 0.171875
0 0.777344 0.429688 0.057812 0.112500
0 0.303905 0.439845 0.057812 0.117187
0 0.596877 0.439845 0.046876 0.117187
0 0.907033 0.496875 0.082812 0.168750
0 0.459376 0.408594 0.056252 0.095312
0 0.629688 0.405469 0.050000 0.089062
0 0.519533 0.416407 0.064064 0.089062
1 0.389844 0.596094 0.076564 0.076563
1 0.827344 0.492970 0.045312 0.048438
1 0.879688 0.498437 0.028124 0.059375
1 0.660937 0.470312 0.037500 0.037501
1 0.492968 0.428125 0.023436 0.028125
1 0.903904 0.427344 0.026564 0.026563
1 0.355468 0.398438 0.026564 0.025000
1 0.089061 0.405469 0.025000 0.023438
1 0.518749 0.384375 0.021876 0.021874
1 0.303905 0.390626 0.020312 0.018749
1 0.777344 0.385156 0.020312 0.020313
1 0.600000 0.389062 0.018748 0.015624
1 0.458592 0.373438 0.017188 0.018749
1 0.628904 0.369532 0.014064 0.014063
