0 0.065625 0.759376 0.131251 0.362500
0 0.495313 0.654688 0.137500 0.253125
0 0.827345 0.637500 0.123436 0.228125
0 0.047657 0.531251 0.073436 0.115625
0 0.660157 0.577344 0.092188 0.160938
0 0.244533 0.528126 0.067188 0.112500
0 0.500001 0.500000 0.046876 0.081250
0 0.447657 0.521094 0.057812 0.104688
0 0.932813 0.868751 0.134373 0.262499
0 0.604689 0.521094 0.046876 0.104688
0 0.204689 0.517969 0.037500 0.101563
0 0.307033 0.569532 0.073436 0.151562
0 0.352345 0.496095 0.029688 0.073438
0 0.375001 0.626563 0.103124 0.215624
0 0.985157 0.678907 0.029685 0.264062
0 0.392189 0.514063 0.050000 0.093751
1 0.986719 0.792188 0.026561 0.109375
1 0.018750 0.609375 0.037501 0.065626
1 0.378125 0.535157 0.037500 0.032812
1 0.832033 0.539063 0.032812 0.034376
1 0.660157 0.507812 0.023436 0.025000
1 0.307813 0.503907 0.025000 0.020313
1 0.242189 0.482813 0.021876 0.021874
1 0.039845 0.485157 0.020312 0.020313
1 0.447657 0.478907 0.017188 0.017188
1 0.610157 0.475781 0.017188 0.017188
1 0.392189 0.475001 0.018748 0.015624
1 0.212501 0.478126 0.018748 0.015624
1 0.357813 0.465625 0.015624 0.015624
1 0.503125 0.464844 0.012500 0.014063
1 0.494533 0.555470 0.042188 0.045313
