0 0.499220 0.500001 0.251564 0.487501
0 0.071876 0.353125 0.084376 0.140625
0 0.157032 0.359376 0.107812 0.156249
0 0.669532 0.405469 0.139064 0.264062
0 0.871876 0.415626 0.125000 0.287501
0 0.371876 0.381250 0.062500 0.203125
0 0.686720 0.346094 0.057812 0.120312
0 0.336720 0.349220 0.042188 0.123437
1 0.500780 0.299218 0.095312 0.085937
1 0.657812 0.294531 0.037500 0.039062
1 0.150780 0.296875 0.035936 0.031250
1 0.385936 0.296095 0.031248 0.032812
1 0.667968 0.301562 0.020312 0.034376
1 0.066408 0.295312 0.029688 0.025000
1 0.351564 0.296095 0.021876 0.020313
1 0.885936 0.296095 0.043748 0.042188
