0 0.685158 0.587500 0.179688 0.365625
0 0.285158 0.457813 0.123436 0.228125
0 0.117970 0.397657 0.092188 0.160938
0 0.645313 0.432813 0.100000 0.203125
0 0.482813 0.778907 0.318748 0.442186
0 0.062502 0.341407 0.046876 0.104688
0 0.500001 0.499220 0.143748 0.264062
1 0.492189 0.612500 0.121876 0.109375
1 0.707813 0.429688 0.053124 0.053125
1 0.289845 0.359375 0.032812 0.034376
1 0.117970 0.328125 0.023436 0.025000
1 0.067970 0.296094 0.017188 0.017188
1 0.512502 0.392968 0.043748 0.051563
1 0.664062 0.348438 0.031248 0.037501
