0 0.512502 0.659375 0.234376 0.387499
0 0.828126 0.473438 0.121876 0.225000
0 0.510158 0.921094 0.567188 0.157811
0 0.615626 0.350000 0.071876 0.118751
0 0.946094 0.510938 0.107812 0.259376
0 0.400782 0.357031 0.076564 0.126562
0 0.982032 0.335157 0.035936 0.107813
0 0.870314 0.307813 0.046876 0.084375
0 0.763282 0.328907 0.057812 0.101563
0 0.567970 0.335938 0.039064 0.109375
0 0.828126 0.338282 0.046876 0.107813
0 0.707814 0.399219 0.078124 0.160938
0 0.715626 0.307813 0.037500 0.081250
1 0.500002 0.500001 0.068752 0.068751
1 0.955470 0.403125 0.045312 0.046874
1 0.820314 0.378125 0.034376 0.034376
1 0.707814 0.332813 0.021876 0.028125
1 0.610938 0.300782 0.021876 0.020313
1 0.390626 0.303907 0.018748 0.020313
1 0.762502 0.285938 0.018748 0.021874
1 0.575002 0.292969 0.018748 0.017188
1 0.830470 0.292969 0.017188 0.017188
1 0.992970 0.289844 0.014060 0.017188
1 0.717970 0.275782 0.014064 0.017188
1 0.867970 0.272657 0.014064 0.014063
1 0.515626 0.923438 0.184376 0.153124
