0 0.584374 0.646875 0.184376 0.359374
0 0.924218 0.545312 0.070312 0.106249
0 0.714842 0.610157 0.176564 0.276563
0 0.493751 0.556250 0.084376 0.134374
0 0.368751 0.586719 0.143748 0.214063
0 0.888282 0.535936 0.035936 0.081250
0 0.404687 0.542187 0.046876 0.096876
0 0.757811 0.566406 0.062500 0.157813
1 0.603538 0.496843 0.051780 0.058327
1 0.707303 0.500285 0.046460 0.055314
1 0.358619 0.500535 0.034084 0.040770
1 0.752359 0.501241 0.023072 0.025794
1 0.493311 0.502002 0.019528 0.023996
1 0.380682 0.498654 0.016284 0.026305
1 0.928778 0.502085 0.019508 0.019796
1 0.499242 0.499885 0.012340 0.022165
1 0.408182 0.502704 0.014544 0.016600
1 0.902182 0.501205 0.013732 0.014674
1 0.766970 0.506007 0.009128 0.013621
1 0.738083 0.501487 0.008036 0.013360
