0 0.285939 0.713282 0.184376 0.239063
0 0.216407 0.653906 0.135936 0.173437
0 0.934375 0.677345 0.131249 0.192188
0 0.653907 0.807032 0.301564 0.329688
0 0.825783 0.680470 0.132812 0.201562
0 0.600782 0.952344 0.798435 0.095312
0 0.678907 0.685156 0.176564 0.217188
1 0.991407 0.595312 0.017187 0.031250
1 0.753907 0.952343 0.204688 0.095313
1 0.719531 0.668749 0.054688 0.043749
1 0.243751 0.587500 0.043748 0.031250
1 0.321875 0.611719 0.037500 0.032812
1 0.835155 0.593750 0.051564 0.031250
1 0.712499 0.603126 0.037500 0.031250
1 0.722655 0.571876 0.039064 0.025000
