0 0.546877 0.625781 0.187500 0.351562
0 0.691404 0.594531 0.185936 0.279688
0 0.354688 0.567187 0.112500 0.209376
0 0.437500 0.524219 0.062500 0.098437
0 0.753124 0.549999 0.084376 0.159374
0 0.792968 0.525780 0.051564 0.101563
0 0.500781 0.500000 0.042188 0.056250
1 0.560317 0.479203 0.052636 0.057262
1 0.685921 0.484144 0.049064 0.055341
1 0.357897 0.484374 0.033876 0.041044
1 0.382724 0.481349 0.023744 0.027191
1 0.762689 0.484351 0.023424 0.026748
1 0.512241 0.483377 0.017416 0.023769
1 0.787360 0.485190 0.014884 0.017955
1 0.435477 0.484218 0.015176 0.016805
1 0.604860 0.483802 0.012384 0.017496
