0 0.926563 0.565625 0.106248 0.156249
0 0.049220 0.585938 0.098440 0.206251
0 0.506251 0.628126 0.187500 0.309375
0 0.696876 0.607032 0.162500 0.254687
0 0.836720 0.544532 0.054688 0.098437
0 0.767188 0.586719 0.100000 0.207812
0 0.868752 0.540625 0.043748 0.090626
0 0.551563 0.571876 0.078124 0.168750
1 0.499219 0.500535 0.044720 0.051853
1 0.695744 0.504126 0.046964 0.048875
1 0.032543 0.501797 0.039284 0.037969
1 0.771672 0.502679 0.031176 0.035267
1 0.535296 0.502900 0.024796 0.028870
1 0.925676 0.502978 0.024820 0.027920
1 0.842179 0.505208 0.017160 0.019683
1 0.473452 0.499997 0.013556 0.024118
1 0.719720 0.504027 0.012744 0.019809
1 0.863804 0.504263 0.014312 0.016101
