0 0.205470 0.599220 0.139064 0.229687
0 0.349218 0.624220 0.129688 0.295312
0 0.456250 0.663282 0.165624 0.389063
0 0.633594 0.594531 0.120312 0.217188
0 0.105470 0.571875 0.089064 0.159374
0 0.028906 0.539061 0.035936 0.081250
0 0.126562 0.547657 0.046876 0.101563
1 0.499446 0.499297 0.057604 0.059987
1 0.380230 0.504441 0.051652 0.055755
1 0.207410 0.503764 0.034056 0.037318
1 0.101042 0.505082 0.022880 0.025659
1 0.121054 0.507694 0.015904 0.018868
1 0.108418 0.507636 0.010588 0.021184
1 0.037590 0.508005 0.012772 0.014218
