0 0.124998 0.592969 0.137500 0.220313
0 0.930468 0.592188 0.139063 0.225000
0 0.189062 0.560938 0.075000 0.137500
0 0.502343 0.654687 0.235936 0.365625
0 0.239842 0.545312 0.060936 0.099999
0 0.059375 0.545312 0.037500 0.099999
0 0.392187 0.541406 0.040624 0.092187
0 0.414062 0.546095 0.040624 0.101563
0 0.588283 0.546095 0.067188 0.101563
0 0.540627 0.612499 0.090624 0.278125
1 0.500131 0.500409 0.051848 0.057069
1 0.537622 0.504888 0.036072 0.054693
1 0.124755 0.505325 0.040088 0.044222
1 0.941823 0.500976 0.040096 0.041440
1 0.463427 0.498694 0.021508 0.030721
1 0.193659 0.503723 0.021100 0.022603
1 0.239298 0.506439 0.018080 0.020086
1 0.590702 0.504996 0.018432 0.018961
1 0.403507 0.506178 0.017984 0.018002
1 0.072823 0.504940 0.014272 0.017890
1 0.427834 0.504162 0.013080 0.017138
