0 0.565625 0.625782 0.125000 0.195313
0 0.489845 0.563281 0.095312 0.151562
0 0.847657 0.710157 0.192188 0.267188
0 0.963282 0.562501 0.073437 0.143750
0 0.192189 0.852344 0.259376 0.295312
0 0.807813 0.587500 0.112500 0.162500
0 0.896877 0.555470 0.078124 0.123437
0 0.802345 0.506251 0.076564 0.084375
1 0.582033 0.539843 0.029688 0.026563
1 0.992188 0.500000 0.015625 0.021875
1 0.214061 0.736718 0.081252 0.060937
1 0.500781 0.499219 0.026564 0.023438
1 0.810937 0.475781 0.028124 0.029687
1 0.828905 0.517188 0.023436 0.021875
1 0.897657 0.509376 0.039064 0.034375
1 0.878905 0.599218 0.042188 0.035937
