0 0.499220 0.689063 0.217188 0.475000
0 0.093752 0.555469 0.078124 0.126562
0 0.719532 0.618750 0.114064 0.278125
0 0.657032 0.580469 0.060936 0.179687
0 0.189064 0.587500 0.096876 0.196875
0 0.977344 0.598437 0.045312 0.225000
0 0.219532 0.558594 0.070312 0.129688
1 0.500000 0.499219 0.087500 0.095312
1 0.184376 0.503125 0.031248 0.028125
1 0.089064 0.506250 0.025000 0.025000
1 0.664064 0.503125 0.021876 0.025000
1 0.211720 0.503125 0.020312 0.021874
1 0.995313 0.503125 0.009374 0.028125
1 0.734376 0.504687 0.040624 0.049999
