0 0.219532 0.664845 0.223436 0.351562
0 0.709376 0.594532 0.140624 0.248438
0 0.314064 0.503126 0.071876 0.112500
0 0.596876 0.567188 0.103124 0.221875
0 0.884376 0.538282 0.071876 0.164063
0 0.499220 0.500001 0.057812 0.112500
0 0.761720 0.479688 0.048436 0.084375
0 0.543752 0.528906 0.059376 0.151562
0 0.467188 0.492969 0.034376 0.098437
0 0.854688 0.496875 0.040624 0.103124
0 0.649220 0.485938 0.054688 0.087500
1 0.210156 0.521875 0.064064 0.065626
1 0.707032 0.493750 0.039064 0.046874
1 0.896092 0.469531 0.023436 0.026563
1 0.554688 0.466406 0.021876 0.023438
1 0.503124 0.455469 0.021876 0.023438
1 0.307812 0.456250 0.018748 0.018749
1 0.864064 0.454688 0.018748 0.018749
1 0.650000 0.451563 0.015624 0.018749
1 0.477344 0.452344 0.014064 0.017188
1 0.761720 0.446093 0.014064 0.014063
1 0.624220 0.448437 0.010936 0.012501
