0 0.873437 0.592187 0.228124 0.368750
0 0.097655 0.684374 0.195310 0.596876
0 0.362500 0.485938 0.053124 0.099999
0 0.771092 0.533593 0.082812 0.223438
0 0.453904 0.533593 0.148436 0.223438
0 0.716404 0.485938 0.054688 0.099999
0 0.685937 0.481251 0.040624 0.090626
0 0.500001 0.500000 0.068752 0.134374
0 0.538280 0.485938 0.051564 0.099999
1 0.013650 0.436456 0.027300 0.098626
1 0.877321 0.439455 0.057212 0.060311
1 0.456800 0.444916 0.037836 0.043801
1 0.801488 0.442258 0.030160 0.036628
1 0.472181 0.451387 0.013116 0.036009
1 0.502009 0.445114 0.019420 0.023857
1 0.535060 0.445303 0.020192 0.018731
1 0.365573 0.444324 0.016216 0.016747
1 0.726277 0.444337 0.015928 0.016799
1 0.780544 0.440852 0.011892 0.017131
1 0.835365 0.446882 0.012436 0.015242
