0 0.314844 0.500000 0.142188 0.175001
0 0.949219 0.632813 0.101562 0.487501
0 0.596876 0.485938 0.084376 0.140625
0 0.682032 0.492188 0.107812 0.156249
0 0.784376 0.471876 0.075000 0.109375
0 0.896876 0.514063 0.062500 0.203125
0 0.861720 0.482032 0.042188 0.123437
1 0.989062 0.432030 0.021876 0.085937
1 0.296876 0.428124 0.037500 0.031250
1 0.675780 0.429688 0.035936 0.031250
1 0.910936 0.428907 0.031248 0.032812
1 0.591408 0.428124 0.029688 0.025000
1 0.778908 0.429688 0.023436 0.021874
1 0.876564 0.428907 0.021876 0.020313
