0 0.141408 0.413282 0.114064 0.207812
0 0.382032 0.309375 0.067188 0.109375
0 0.018751 0.290626 0.037501 0.087500
0 0.458596 0.706250 0.317188 0.490626
0 0.053908 0.336719 0.073436 0.132813
0 0.549219 0.340625 0.089064 0.140625
0 0.268751 0.358594 0.093752 0.154688
0 0.103907 0.312500 0.048436 0.106250
0 0.156252 0.298438 0.056252 0.081250
0 0.601563 0.318751 0.043748 0.115625
1 0.500000 0.499219 0.081252 0.073438
1 0.389063 0.264843 0.018748 0.017188
1 0.156252 0.264843 0.018748 0.014063
1 0.012499 0.255469 0.018748 0.017188
1 0.060155 0.278125 0.020312 0.021875
1 0.096876 0.272657 0.028124 0.029687
1 0.149219 0.324218 0.032812 0.026563
1 0.270311 0.287501 0.018748 0.021875
1 0.282031 0.294532 0.023436 0.023438
1 0.560155 0.286720 0.032812 0.032812
1 0.594531 0.273438 0.026564 0.025000
