0 0.303908 0.521875 0.176564 0.299999
0 0.741408 0.464062 0.104688 0.153126
0 0.500000 0.500001 0.159376 0.250000
0 0.585936 0.482813 0.125000 0.200000
0 0.662500 0.441407 0.053124 0.098437
0 0.689844 0.438281 0.032812 0.089062
0 0.852344 0.424219 0.042188 0.064062
0 0.843750 0.636718 0.312500 0.726564
0 0.362500 0.467187 0.087500 0.162499
1 0.978323 0.393371 0.043354 0.239870
1 0.298820 0.398123 0.043400 0.050135
1 0.497664 0.400193 0.042128 0.049271
1 0.582332 0.399638 0.030636 0.033572
1 0.355004 0.401402 0.024088 0.028037
1 0.741060 0.401330 0.023496 0.026064
1 0.670948 0.402290 0.020648 0.020207
1 0.539980 0.400780 0.017568 0.021051
1 0.859232 0.401964 0.016676 0.019037
1 0.692152 0.401408 0.013760 0.015086
1 0.521028 0.401041 0.011444 0.015718
