0 0.754689 0.526563 0.171876 0.225000
0 0.939845 0.474219 0.076564 0.092187
0 0.880469 0.484376 0.092188 0.112500
0 0.500001 0.499219 0.109376 0.151562
0 0.163282 0.681250 0.326563 0.637500
0 0.677345 0.480470 0.064064 0.104688
0 0.194533 0.526563 0.120312 0.221875
0 0.329689 0.487501 0.053124 0.121876
0 0.292969 0.513282 0.095312 0.189063
0 0.467189 0.477345 0.043748 0.098437
0 0.522657 0.471094 0.064064 0.095312
1 0.082033 0.435938 0.135936 0.146876
1 0.762501 0.435157 0.043748 0.045313
1 0.189845 0.435938 0.045312 0.043749
1 0.295313 0.435157 0.028124 0.032812
1 0.502345 0.435938 0.023436 0.025000
1 0.884377 0.439063 0.025000 0.021874
1 0.317969 0.435938 0.017188 0.021874
1 0.702345 0.439063 0.014064 0.021874
1 0.685157 0.435157 0.014064 0.017188
1 0.944533 0.438282 0.017188 0.017188
1 0.482033 0.435938 0.017188 0.015624
1 0.514845 0.439063 0.010936 0.015624
1 0.329689 0.435938 0.009376 0.015624
