0 0.856250 0.568750 0.100000 0.162499
0 0.502346 0.639062 0.204688 0.334375
0 0.400002 0.583593 0.078124 0.201562
0 0.932813 0.546094 0.062500 0.104688
0 0.975782 0.537499 0.048436 0.081250
0 0.698438 0.612501 0.215624 0.274999
0 0.579686 0.527343 0.043748 0.064062
0 0.757029 0.543750 0.042188 0.099999
0 0.612502 0.557812 0.053124 0.131249
1 0.500193 0.500640 0.048848 0.055710
1 0.682070 0.502046 0.048580 0.053651
1 0.420457 0.503938 0.037212 0.041137
1 0.733821 0.500266 0.033132 0.037802
1 0.865978 0.502948 0.026300 0.027558
1 0.462130 0.501650 0.023480 0.026651
1 0.939614 0.502485 0.026472 0.017471
1 0.627870 0.503083 0.019460 0.021742
1 0.743917 0.505732 0.015968 0.023963
1 0.977402 0.505927 0.015696 0.016371
1 0.584434 0.504197 0.015716 0.016155
1 0.760393 0.502658 0.014016 0.015736
