0 0.143751 0.538282 0.109376 0.198437
0 0.538283 0.667970 0.285936 0.451562
0 0.031251 0.500000 0.062501 0.131249
0 0.331251 0.486719 0.065624 0.104688
0 0.243751 0.513282 0.090624 0.151562
0 0.499219 0.500000 0.082812 0.131249
0 0.071095 0.493750 0.042188 0.115625
0 0.114063 0.489063 0.046876 0.109375
1 0.149999 0.452343 0.031248 0.026563
1 0.032811 0.445312 0.021876 0.018749
1 0.117967 0.443750 0.017188 0.015624
1 0.062499 0.445312 0.021876 0.018749
1 0.575783 0.477343 0.070312 0.060937
1 0.536719 0.442187 0.020312 0.018749
1 0.509375 0.449218 0.025000 0.023438
1 0.338283 0.445312 0.020312 0.021875
1 0.256251 0.446876 0.025000 0.018749
1 0.239843 0.452343 0.029688 0.026563
