0 0.436720 0.658594 0.279688 0.348437
0 0.193752 0.584375 0.178124 0.243749
0 0.657032 0.639845 0.257812 0.320312
0 0.616408 0.499220 0.117188 0.110939
0 0.484376 0.433594 0.153124 0.148437
0 0.759376 0.574219 0.100000 0.232812
0 0.409376 0.567188 0.159376 0.221875
0 0.421876 0.503126 0.128124 0.087500
1 0.481252 0.513282 0.050000 0.051563
1 0.464844 0.475781 0.045312 0.032812
1 0.214844 0.479688 0.039064 0.034375
1 0.524220 0.390626 0.057812 0.056250
1 0.632032 0.457032 0.039064 0.026563
1 0.675780 0.503126 0.070312 0.046874
1 0.738280 0.473437 0.045312 0.037501
