0 0.228125 0.512501 0.137500 0.171875
0 0.943751 0.618750 0.112498 0.478125
0 0.500001 0.499219 0.081252 0.142187
0 0.675001 0.488282 0.071876 0.107813
0 0.585157 0.502345 0.104688 0.151562
0 0.830469 0.520313 0.104688 0.196875
0 0.760938 0.492969 0.050000 0.126562
0 0.880470 0.496094 0.045312 0.132813
1 0.979687 0.421875 0.040626 0.084375
1 0.579689 0.442188 0.034376 0.031250
1 0.210157 0.439063 0.035936 0.028125
1 0.825782 0.437500 0.032812 0.031250
1 0.493750 0.439844 0.028124 0.023438
1 0.772657 0.442188 0.026564 0.025000
1 0.887502 0.440625 0.021876 0.021874
1 0.670314 0.443750 0.025000 0.018749
