0 0.489064 0.819532 0.281248 0.335938
0 0.229688 0.724220 0.178124 0.239063
0 0.631252 0.633594 0.131252 0.132813
0 0.696876 0.791407 0.253124 0.314062
0 0.461720 0.703906 0.192188 0.214063
0 0.499220 0.544532 0.132812 0.139063
0 0.741408 0.643751 0.176564 0.096876
1 0.760156 0.613281 0.048436 0.032812
1 0.257032 0.623437 0.045312 0.034376
1 0.496092 0.615625 0.057812 0.034376
1 0.644532 0.578905 0.045312 0.029687
1 0.528124 0.500781 0.050000 0.048438
1 0.535936 0.676562 0.075000 0.053125
1 0.716408 0.657032 0.070312 0.051563
