0 0.529689 0.693750 0.225000 0.390625
0 0.050782 0.651563 0.101564 0.306250
0 0.276564 0.783594 0.325000 0.432812
0 0.852344 0.563282 0.110936 0.207812
0 0.958594 0.524220 0.082811 0.157813
0 0.500000 0.499220 0.071876 0.129688
0 0.796876 0.496875 0.043748 0.115625
0 0.752345 0.510157 0.073436 0.129688
0 0.602344 0.532031 0.089064 0.157813
0 0.844532 0.478126 0.057812 0.084375
1 0.280468 0.607031 0.076564 0.079688
1 0.010156 0.520313 0.020313 0.040626
1 0.753905 0.453907 0.020312 0.017188
1 0.536721 0.550000 0.057812 0.056250
1 0.504688 0.454688 0.028124 0.018749
1 0.959377 0.460155 0.021876 0.026563
1 0.976564 0.465625 0.028124 0.034375
1 0.845313 0.450001 0.021876 0.028125
1 0.865625 0.479687 0.025000 0.025000
1 0.787500 0.453907 0.028124 0.029687
