0 0.028125 0.586719 0.056250 0.210938
0 0.509376 0.635157 0.203124 0.323437
0 0.896876 0.568750 0.109376 0.162499
0 0.699220 0.610157 0.189064 0.267188
0 0.975782 0.547657 0.048436 0.104688
0 0.819532 0.540625 0.042188 0.090626
0 0.429688 0.582813 0.071876 0.196875
0 0.754688 0.589844 0.096876 0.210938
0 0.791408 0.544532 0.048436 0.098437
0 0.631252 0.540625 0.050000 0.093751
1 0.691408 0.503125 0.048436 0.053125
1 0.500780 0.500000 0.048436 0.053125
1 0.004688 0.500780 0.009376 0.039062
1 0.754688 0.501563 0.031248 0.037501
1 0.450000 0.501563 0.031248 0.034376
1 0.896876 0.502344 0.025000 0.026563
1 0.987500 0.503125 0.021876 0.018749
1 0.793752 0.505469 0.018748 0.017188
1 0.635936 0.503905 0.015624 0.017188
1 0.811720 0.503125 0.014064 0.015624
