0 0.132031 0.507813 0.142188 0.175001
0 0.841407 0.640626 0.251564 0.487501
0 0.414063 0.493750 0.084376 0.140625
0 0.499219 0.500001 0.107812 0.156249
0 0.601563 0.479688 0.075000 0.109375
0 0.971094 0.546094 0.057813 0.264062
0 0.714063 0.521875 0.062500 0.203125
0 0.678907 0.489845 0.042188 0.123437
1 0.842967 0.439843 0.095312 0.085937
1 0.990625 0.435156 0.018750 0.039062
1 0.114063 0.435937 0.037500 0.031250
1 0.492968 0.437500 0.035936 0.031250
1 0.728123 0.436720 0.031248 0.032812
1 0.408596 0.435937 0.029688 0.025000
1 0.596096 0.437500 0.023436 0.021874
1 0.693751 0.436720 0.021876 0.020313
