0 0.627345 0.618751 0.251564 0.487501
0 0.200001 0.471876 0.084376 0.140625
0 0.285157 0.478126 0.107812 0.156249
0 0.387501 0.457813 0.075000 0.109375
0 0.797657 0.524219 0.139064 0.264062
0 0.968750 0.534376 0.062499 0.287501
0 0.500001 0.500000 0.062500 0.203125
0 0.814845 0.464844 0.057812 0.120312
0 0.464845 0.467970 0.042188 0.123437
1 0.628905 0.417968 0.095312 0.085937
1 0.785937 0.413281 0.037500 0.039062
1 0.278905 0.415625 0.035936 0.031250
1 0.514061 0.414845 0.031248 0.032812
1 0.796093 0.420312 0.020312 0.034376
1 0.194533 0.414062 0.029688 0.025000
1 0.382033 0.415625 0.023436 0.021874
1 0.479689 0.414845 0.021876 0.020313
1 0.996093 0.414845 0.007813 0.042188
