0 0.464063 0.221094 0.081252 0.123437
0 0.158595 0.351563 0.139064 0.206251
0 0.651563 0.263282 0.109376 0.157813
0 0.084376 0.249219 0.084376 0.142186
0 0.449219 0.728125 0.367188 0.534375
0 0.321096 0.281251 0.107812 0.171875
0 0.049219 0.189844 0.060936 0.098437
0 0.203908 0.221094 0.064064 0.123437
0 0.141408 0.221875 0.060936 0.115625
0 0.724220 0.235157 0.057812 0.132813
1 0.499220 0.500000 0.101564 0.081250
1 0.096095 0.186719 0.023436 0.017188
1 0.054688 0.155469 0.018748 0.020313
1 0.137499 0.182032 0.031248 0.029687
1 0.210155 0.172656 0.020312 0.026563
1 0.176563 0.250000 0.037500 0.034375
1 0.671096 0.203126 0.035936 0.037501
1 0.718752 0.182032 0.028124 0.026563
1 0.475780 0.171876 0.020312 0.021875
1 0.330467 0.196875 0.023436 0.025000
1 0.339063 0.209374 0.021876 0.025000
