0 0.142190 0.828907 0.234376 0.342187
0 0.457814 0.665625 0.121876 0.225000
0 0.710157 0.600782 0.089064 0.167188
0 0.912502 0.671095 0.115624 0.229687
0 0.245314 0.542188 0.071876 0.118751
0 0.590625 0.703126 0.137500 0.259376
0 0.034376 0.549219 0.068752 0.126562
0 0.622658 0.527345 0.057812 0.107813
0 0.500001 0.500000 0.046876 0.084375
0 0.392970 0.521094 0.057812 0.101563
0 0.197658 0.528125 0.039064 0.109375
0 0.457813 0.530470 0.046876 0.107813
0 0.337502 0.591407 0.078124 0.160938
0 0.345313 0.500000 0.037500 0.081250
1 0.129689 0.692188 0.068752 0.068751
1 0.585157 0.595313 0.045312 0.046874
1 0.450002 0.570313 0.034376 0.034376
1 0.914846 0.573438 0.032812 0.034376
1 0.337502 0.525000 0.021876 0.028125
1 0.710938 0.528125 0.025000 0.025000
1 0.240626 0.492969 0.021876 0.020313
1 0.020313 0.496094 0.018748 0.020313
1 0.392190 0.478126 0.018748 0.021874
1 0.204690 0.485157 0.018748 0.017188
1 0.460158 0.485157 0.017188 0.017188
1 0.625001 0.482032 0.018748 0.017188
1 0.347658 0.467969 0.014064 0.017188
1 0.497658 0.464844 0.014064 0.014063
