0 0.088282 0.787500 0.176564 0.368750
0 0.484376 0.657813 0.193752 0.234376
0 0.010938 0.671875 0.021876 0.250000
0 0.843752 0.748438 0.300000 0.324999
0 0.692188 0.646095 0.215624 0.223438
0 0.059376 0.598437 0.118748 0.162499
0 0.579688 0.499219 0.146876 0.164063
0 0.959376 0.597657 0.078124 0.126562
0 0.791408 0.587500 0.092188 0.162499
1 0.092188 0.630469 0.056252 0.051563
1 0.081248 0.532031 0.056252 0.026563
1 0.517968 0.559375 0.045312 0.034375
1 0.617968 0.446094 0.064064 0.054688
1 0.789064 0.520313 0.037500 0.025000
1 0.729688 0.552344 0.053124 0.032812
1 0.912500 0.607030 0.068752 0.045313
1 0.976564 0.559375 0.043748 0.043749
