0 0.464064 0.750000 0.265624 0.446875
0 0.046876 0.475782 0.093752 0.151562
0 0.327344 0.460938 0.089064 0.137500
0 0.687500 0.564063 0.112500 0.246874
0 0.867188 0.588282 0.131252 0.276563
0 0.775000 0.439845 0.059376 0.117187
0 0.427345 0.422657 0.060936 0.098437
0 0.262500 0.450782 0.065624 0.126562
0 0.929688 0.496875 0.084376 0.171875
0 0.589064 0.447657 0.059376 0.126562
0 0.500000 0.500001 0.103124 0.171875
0 0.614845 0.418751 0.045312 0.090626
1 0.872657 0.475001 0.045312 0.049999
1 0.689845 0.458594 0.039064 0.039062
1 0.484377 0.427344 0.040624 0.029687
1 0.324221 0.405469 0.029688 0.026563
1 0.024221 0.411720 0.029688 0.026563
1 0.925001 0.425782 0.021876 0.026563
1 0.261721 0.398438 0.023436 0.021874
1 0.589064 0.397657 0.021876 0.020313
1 0.776564 0.391407 0.021876 0.020313
1 0.424220 0.384375 0.020312 0.018749
1 0.609377 0.380469 0.015624 0.014063
1 0.609377 0.387501 0.015624 0.003125
1 0.452344 0.567188 0.095312 0.106249
