0 0.488280 0.660155 0.223436 0.385938
0 0.047656 0.546875 0.064064 0.103124
0 0.685156 0.592187 0.120312 0.218749
0 0.371092 0.621874 0.117188 0.290626
0 0.158592 0.569532 0.076564 0.164063
0 0.253908 0.597657 0.139064 0.229687
0 0.121092 0.538282 0.032812 0.079688
0 0.196092 0.546875 0.039064 0.099999
1 0.499248 0.499244 0.056320 0.060698
1 0.408204 0.500439 0.049616 0.060714
1 0.255668 0.501265 0.034080 0.035714
1 0.172344 0.503126 0.024160 0.026622
1 0.206388 0.505560 0.015732 0.020914
1 0.047900 0.504676 0.015820 0.018178
1 0.132288 0.504687 0.011820 0.013567
