0 0.500001 0.670313 0.240624 0.403126
0 0.692188 0.403126 0.100000 0.168750
0 0.043751 0.568750 0.087503 0.309375
0 0.604688 0.353907 0.078124 0.129688
0 0.939844 0.473438 0.120312 0.206251
0 0.150781 0.797656 0.301563 0.404687
0 0.875001 0.371094 0.084376 0.142186
0 0.839844 0.311719 0.060936 0.098437
0 0.981250 0.342969 0.037499 0.123437
0 0.932033 0.343750 0.060936 0.115625
1 0.007031 0.435157 0.014063 0.042188
1 0.702345 0.329688 0.026564 0.025000
1 0.886720 0.308594 0.023436 0.017188
1 0.142968 0.644530 0.082812 0.085937
1 0.500780 0.499999 0.067188 0.062501
1 0.609377 0.302344 0.025000 0.023438
1 0.845313 0.277344 0.018748 0.020313
1 0.928124 0.303907 0.031248 0.029687
1 0.967188 0.371875 0.037500 0.034375
