0 0.754984 0.610618 0.365332 0.578376
0 0.081703 0.502607 0.163406 0.311004
0 0.357884 0.427412 0.078364 0.120089
0 0.309976 0.422291 0.043708 0.108076
1 0.776568 0.365535 0.088680 0.100744
0 0.145444 0.428033 0.052024 0.122236
0 0.437420 0.462260 0.079272 0.202527
1 0.461680 0.374175 0.030312 0.031943
0 0.499552 0.500379 0.144736 0.304668
1 0.134588 0.378304 0.022484 0.024556
1 0.102544 0.378778 0.023896 0.030652
1 0.358020 0.376733 0.018596 0.019285
1 0.318932 0.377397 0.018996 0.019055
1 0.021244 0.369351 0.026088 0.036061
1 0.525212 0.373187 0.045096 0.051831
0 0.111368 0.449390 0.079164 0.167875
0 0.634832 0.536677 0.172392 0.414299
1 0.688308 0.366723 0.074604 0.074936
1 0.054908 0.375624 0.062848 0.055114
