0 0.503991 0.661898 0.203932 0.400772
0 0.944104 0.627853 0.111792 0.310401
0 0.684542 0.602269 0.121816 0.257780
0 0.065926 0.540943 0.068552 0.099668
0 0.243278 0.625986 0.154444 0.301932
0 0.138675 0.554411 0.080308 0.122150
0 0.333798 0.570235 0.087844 0.170239
0 0.989904 0.589835 0.020191 0.220095
0 0.295654 0.544180 0.047732 0.107127
1 0.218975 0.497812 0.042160 0.046555
1 0.322106 0.499660 0.023480 0.025443
1 0.059406 0.500222 0.015168 0.015928
1 0.129919 0.502481 0.019508 0.018945
1 0.281095 0.501187 0.016792 0.020074
0 0.207930 0.549342 0.082660 0.145669
1 0.954059 0.497736 0.058016 0.059960
1 0.499642 0.499462 0.079968 0.077387
1 0.682107 0.498350 0.057588 0.055138
1 0.989112 0.498708 0.021776 0.050503
