0 0.532377 0.702051 0.360624 0.506363
0 0.721517 0.236152 0.107356 0.167886
0 0.809365 0.530974 0.274716 0.405310
0 0.970641 0.286514 0.058719 0.208843
0 0.667685 0.174128 0.074584 0.115857
0 0.513205 0.313975 0.129452 0.225808
0 0.872801 0.392588 0.201744 0.289352
0 0.879381 0.167532 0.049224 0.111789
1 0.500373 0.499949 0.085136 0.098015
1 0.718797 0.166548 0.024064 0.027158
0 0.429205 0.364272 0.156548 0.278852
1 0.665281 0.126451 0.018824 0.020131
1 0.869737 0.122149 0.018104 0.020682
1 0.850185 0.129524 0.021708 0.023463
0 0.850305 0.178160 0.073692 0.123878
1 0.429621 0.254015 0.058940 0.060928
1 0.799881 0.363178 0.082696 0.073748
1 0.497173 0.221574 0.048332 0.053921
1 0.868097 0.279230 0.053812 0.052119
