0 0.528124 0.632813 0.243748 0.312500
0 0.989844 0.746874 0.020313 0.418750
0 0.949220 0.621093 0.101560 0.298438
0 0.735155 0.438280 0.095312 0.129688
0 0.790624 0.396876 0.062500 0.090625
0 0.964062 0.464063 0.071877 0.153126
0 0.992187 0.425001 0.015627 0.131249
1 0.500780 0.500000 0.048436 0.046874
1 0.728908 0.385939 0.023436 0.025000
1 0.989063 0.492969 0.021875 0.045313
1 0.785939 0.360936 0.018748 0.015624
1 0.996094 0.368751 0.007812 0.015624
1 0.976563 0.379688 0.021876 0.025000
1 0.970311 0.400782 0.028124 0.023438
