0 0.500255 0.500762 0.200208 0.410238
0 0.966884 0.475441 0.066233 0.334328
0 0.271751 0.464161 0.185344 0.298213
0 0.747243 0.450758 0.131336 0.263221
0 0.442279 0.413455 0.090928 0.168588
0 0.055727 0.395608 0.065692 0.115587
0 0.100515 0.410512 0.107692 0.157334
1 0.266467 0.338195 0.041164 0.045133
1 0.091635 0.343791 0.030020 0.024208
0 0.347915 0.399188 0.054708 0.128268
1 0.224503 0.349229 0.015064 0.017150
1 0.056059 0.348016 0.016940 0.016830
1 0.069351 0.346727 0.018040 0.018477
1 0.990595 0.336802 0.018811 0.064321
1 0.495627 0.329481 0.077468 0.071105
1 0.747615 0.339801 0.058244 0.053856
