0 0.280945 0.556135 0.198888 0.403819
0 0.061279 0.517185 0.122557 0.294460
0 0.500101 0.499831 0.126224 0.262834
0 0.858957 0.490530 0.083252 0.232965
0 0.167938 0.463563 0.092144 0.163568
0 0.771818 0.529065 0.148336 0.329994
0 0.099646 0.432396 0.036276 0.087158
0 0.020806 0.442499 0.041612 0.123422
1 0.031226 0.391806 0.039492 0.046042
1 0.167741 0.394205 0.021964 0.022984
0 0.142537 0.437132 0.048236 0.101862
1 0.145242 0.395829 0.017592 0.018875
1 0.058342 0.393667 0.014968 0.015381
1 0.001806 0.397242 0.003611 0.024181
1 0.277437 0.389567 0.080832 0.075598
1 0.774809 0.392562 0.058944 0.062782
1 0.500805 0.393881 0.057892 0.053356
1 0.849429 0.393037 0.046196 0.050497
