0 0.482814 0.711719 0.296876 0.492188
0 0.047657 0.634375 0.095314 0.303124
0 0.797658 0.552345 0.042188 0.098437
0 0.692970 0.591407 0.101564 0.192188
0 0.758594 0.570313 0.057812 0.140625
1 0.500002 0.500000 0.071876 0.074999
1 0.698438 0.507813 0.028124 0.028125
1 0.565626 0.500781 0.046876 0.042188
1 0.008594 0.503907 0.017188 0.039062
1 0.753126 0.510938 0.021876 0.021875
1 0.795314 0.510938 0.015624 0.015624
1 0.730470 0.510938 0.017188 0.018749
0 0.413282 0.577344 0.098436 0.151562
0 0.603126 0.647657 0.121876 0.345312
0 0.502342 0.500000 0.073436 0.071874
0 0.014063 0.510157 0.028126 0.048438
0 0.575782 0.503126 0.064064 0.053125
