0 0.085156 0.512501 0.170313 0.312500
0 0.509377 0.675001 0.296876 0.425000
0 0.614845 0.330469 0.101564 0.154688
0 0.407032 0.298438 0.089064 0.128124
0 0.924221 0.357814 0.092188 0.171875
0 0.492188 0.253126 0.059376 0.087500
0 0.844533 0.284376 0.064064 0.143750
0 0.667188 0.291407 0.071876 0.126562
0 0.694532 0.271094 0.039064 0.098437
0 0.884377 0.305470 0.075000 0.129688
1 0.502345 0.386719 0.042188 0.045313
1 0.027344 0.382813 0.054689 0.053125
0 0.489845 0.450000 0.176564 0.175001
1 0.612501 0.267188 0.021876 0.021875
1 0.921876 0.281251 0.021876 0.021875
1 0.886721 0.252345 0.020312 0.020313
1 0.849220 0.221094 0.017188 0.017188
1 0.682033 0.231251 0.017188 0.015624
1 0.489845 0.217969 0.017188 0.014063
1 0.500000 0.499219 0.075000 0.089062
1 0.846877 0.246875 0.018748 0.028125
1 0.662501 0.246875 0.015624 0.021875
0 0.032813 0.382030 0.065627 0.060937
0 0.500780 0.385155 0.048436 0.045313
0 0.514061 0.496875 0.093752 0.065626
1 0.657813 0.239844 0.021876 0.020313
1 0.402344 0.249219 0.023436 0.026563
