0 0.535963 0.757590 0.387684 0.484820
0 0.066045 0.616015 0.132090 0.321494
0 0.238587 0.510992 0.074292 0.123457
0 0.168667 0.543549 0.088732 0.171936
0 0.652530 0.512189 0.075204 0.124119
1 0.536111 0.570286 0.086528 0.107226
1 0.500442 0.499546 0.045224 0.055894
0 0.419119 0.502385 0.044428 0.112736
0 0.595995 0.473203 0.040968 0.054254
1 0.653923 0.461323 0.023340 0.023425
1 0.238406 0.461132 0.022792 0.023695
0 0.047851 0.491721 0.076836 0.083767
1 0.044094 0.459606 0.020776 0.020140
1 0.462935 0.460738 0.017608 0.022597
0 0.473023 0.536997 0.101312 0.132642
1 0.599838 0.455379 0.016288 0.016607
1 0.446138 0.457732 0.015952 0.020372
1 0.169810 0.470530 0.024560 0.025483
1 0.509822 0.469592 0.024156 0.019683
1 0.431050 0.457120 0.014944 0.018133
1 0.592122 0.533654 0.064024 0.080676
0 0.441511 0.506325 0.053568 0.116500
1 0.033398 0.497143 0.066796 0.064872
