0 0.070428 0.637020 0.140855 0.329863
0 0.733067 0.663262 0.200208 0.410238
0 0.504564 0.626661 0.185344 0.298213
0 0.957194 0.613258 0.085613 0.263221
0 0.675091 0.575955 0.090928 0.168588
0 0.288539 0.558108 0.065692 0.115587
0 0.333328 0.573012 0.107692 0.157334
0 0.614032 0.549878 0.037648 0.092891
1 0.499280 0.500695 0.041164 0.045133
1 0.566076 0.508894 0.018912 0.020299
1 0.324448 0.506291 0.030020 0.024208
0 0.580728 0.561688 0.054708 0.128268
1 0.666060 0.506633 0.025492 0.024154
1 0.606240 0.511416 0.013364 0.013923
1 0.457315 0.511729 0.015064 0.017150
1 0.288871 0.510516 0.016940 0.016830
1 0.302163 0.509227 0.018040 0.018477
1 0.728440 0.491981 0.077468 0.071105
1 0.975653 0.502301 0.048694 0.053856
1 0.013560 0.495909 0.027120 0.055109
