0 0.805581 0.609137 0.374724 0.579758
0 0.074390 0.500559 0.148779 0.312165
0 0.646949 0.538982 0.186356 0.407794
0 0.499985 0.499278 0.179776 0.302047
0 0.294369 0.429006 0.071676 0.121797
1 0.843937 0.365869 0.090828 0.097288
0 0.398445 0.464048 0.086864 0.199321
0 0.245913 0.424315 0.049652 0.108574
0 0.023202 0.482088 0.046403 0.258088
1 0.706685 0.375409 0.067028 0.078707
1 0.005678 0.372016 0.011355 0.036794
1 0.296013 0.378791 0.018248 0.021004
1 0.253077 0.379047 0.018952 0.020153
1 0.398653 0.376507 0.013388 0.016191
1 0.421973 0.377029 0.030468 0.032391
1 0.477925 0.374772 0.013120 0.016123
1 0.077145 0.381318 0.015688 0.021663
1 0.511033 0.373281 0.057120 0.056302
1 0.048957 0.375515 0.065712 0.057287
