0 0.899185 0.777903 0.201629 0.444195
0 0.498196 0.656640 0.180288 0.321494
0 0.694837 0.551617 0.074292 0.123457
0 0.624917 0.584174 0.088732 0.171936
1 0.974548 0.610911 0.050903 0.107226
1 0.956692 0.540171 0.045224 0.055894
0 0.875369 0.543010 0.044428 0.112736
1 0.694657 0.501757 0.022792 0.023695
0 0.504101 0.532346 0.076836 0.083767
1 0.500344 0.500231 0.020776 0.020140
1 0.919185 0.501363 0.017608 0.022597
0 0.929273 0.577622 0.101312 0.132642
1 0.902389 0.498357 0.015952 0.020372
1 0.626060 0.511155 0.024560 0.025483
1 0.966072 0.510217 0.024156 0.019683
1 0.887300 0.497745 0.014944 0.018133
0 0.897761 0.546950 0.053568 0.116500
1 0.487912 0.537768 0.070268 0.064872
