0 0.086719 0.536720 0.173438 0.307813
0 0.542189 0.699219 0.284376 0.414063
0 0.369533 0.318751 0.089064 0.128124
0 0.894533 0.375001 0.095312 0.171875
0 0.587501 0.350001 0.100000 0.156249
0 0.807033 0.304688 0.067188 0.143750
0 0.980469 0.298438 0.039062 0.112500
0 0.444533 0.273438 0.060936 0.087500
0 0.857032 0.325782 0.067188 0.129688
1 0.507032 0.407813 0.042188 0.043749
0 0.499221 0.499219 0.182812 0.220313
0 0.952345 0.279689 0.051564 0.096876
1 0.029688 0.410938 0.053124 0.056250
1 0.849220 0.270313 0.020312 0.025000
1 0.362500 0.266407 0.021876 0.023438
1 0.639844 0.249219 0.017188 0.017188
1 0.442188 0.237501 0.018748 0.015624
1 0.954688 0.241407 0.018748 0.017188
0 0.654689 0.290626 0.034376 0.099999
0 0.636720 0.311719 0.057812 0.126562
1 0.582033 0.287500 0.023436 0.021875
1 0.894533 0.301563 0.023436 0.025000
1 0.535157 0.526563 0.070312 0.087500
1 0.985157 0.256250 0.017188 0.028125
1 0.811721 0.266407 0.020312 0.023438
1 0.614844 0.256250 0.017188 0.025000
1 0.625001 0.266407 0.018748 0.023438
0 0.033594 0.411719 0.067188 0.060937
0 0.546092 0.519532 0.079688 0.060937
0 0.507032 0.410938 0.048436 0.046874
1 0.803905 0.241407 0.017188 0.017188
