0 0.790879 0.669776 0.368340 0.594176
0 0.160259 0.564132 0.187080 0.316573
0 0.499303 0.500029 0.070760 0.121446
0 0.280231 0.499476 0.068208 0.122933
0 0.596171 0.565979 0.132240 0.309677
0 0.455831 0.495059 0.043228 0.111069
0 0.232959 0.518454 0.088296 0.171068
0 0.064831 0.500432 0.039156 0.121210
1 0.622599 0.436415 0.043520 0.052150
1 0.230407 0.445149 0.025828 0.028715
1 0.584267 0.439385 0.027228 0.029043
1 0.075475 0.447689 0.017888 0.020032
1 0.500859 0.448738 0.017292 0.019766
1 0.465975 0.450551 0.021744 0.021382
1 0.275683 0.449224 0.022784 0.022579
0 0.563631 0.530802 0.083720 0.205007
1 0.748539 0.417562 0.038736 0.050717
1 0.689303 0.446398 0.017444 0.019454
1 0.805675 0.415161 0.102516 0.113195
1 0.149995 0.438480 0.068824 0.060579
