0 0.760241 0.535336 0.203932 0.400772
0 0.939942 0.475706 0.120116 0.257780
0 0.322176 0.414380 0.068552 0.099668
0 0.499528 0.499423 0.154444 0.301932
0 0.394925 0.427848 0.080308 0.122150
0 0.590048 0.443673 0.087844 0.170239
0 0.222241 0.438952 0.113268 0.159890
0 0.551904 0.417618 0.047732 0.107127
1 0.475225 0.371250 0.042160 0.046555
0 0.216241 0.677003 0.432483 0.645993
1 0.578356 0.373097 0.023480 0.025443
1 0.208737 0.373104 0.026480 0.024354
1 0.315656 0.373660 0.015168 0.015928
1 0.386169 0.375919 0.019508 0.018945
1 0.537345 0.374625 0.016792 0.020074
1 0.182416 0.373396 0.021724 0.021452
1 0.141993 0.374937 0.020812 0.020711
0 0.147769 0.409065 0.084548 0.097038
0 0.464180 0.422779 0.082660 0.145669
1 0.755892 0.372899 0.079968 0.077387
1 0.938357 0.371788 0.057588 0.055138
