0 0.500747 0.500559 0.183564 0.312165
0 0.322747 0.429080 0.073268 0.122589
0 0.926924 0.499278 0.146153 0.302047
0 0.738119 0.429006 0.071676 0.121797
0 0.842195 0.464048 0.086864 0.199321
0 0.689663 0.424315 0.049652 0.108574
0 0.434035 0.482088 0.112236 0.258088
1 0.440587 0.372016 0.029036 0.036794
1 0.739763 0.378791 0.018248 0.021004
1 0.317547 0.378588 0.019480 0.020257
1 0.696827 0.379047 0.018952 0.020153
1 0.842403 0.376507 0.013388 0.016191
1 0.865723 0.377029 0.030468 0.032391
1 0.921675 0.374772 0.013120 0.016123
1 0.520895 0.381318 0.015688 0.021663
1 0.954783 0.373281 0.057120 0.056302
1 0.492707 0.375515 0.065712 0.057287
