0 0.925126 0.596760 0.149749 0.403819
0 0.223943 0.556717 0.247352 0.309110
0 0.711783 0.557810 0.159048 0.294460
0 0.612063 0.475096 0.059852 0.095265
0 0.836688 0.504188 0.092144 0.163568
0 0.768396 0.473021 0.036276 0.087158
0 0.672724 0.483124 0.075276 0.123422
1 0.699976 0.432431 0.039492 0.046042
0 0.500283 0.499981 0.104472 0.155306
1 0.608756 0.436420 0.015172 0.015836
1 0.836491 0.434830 0.021964 0.022984
0 0.811287 0.477757 0.048236 0.101862
1 0.813992 0.436454 0.017592 0.018875
1 0.758544 0.436720 0.014444 0.015559
1 0.495695 0.435935 0.021928 0.022320
1 0.450847 0.437809 0.025540 0.022768
1 0.481395 0.436186 0.022224 0.022369
1 0.727092 0.434292 0.014968 0.015381
0 0.449931 0.485387 0.069332 0.116390
1 0.663208 0.437867 0.018308 0.024181
1 0.946187 0.430192 0.080832 0.075598
1 0.203899 0.430480 0.064128 0.056952
