0 0.857253 0.682493 0.285495 0.578376
0 0.206539 0.574482 0.198108 0.311004
0 0.500072 0.499287 0.078364 0.120089
0 0.082527 0.499386 0.071404 0.123552
0 0.452163 0.494166 0.043708 0.108076
1 0.918756 0.437410 0.088680 0.100744
0 0.287631 0.499908 0.052024 0.122236
0 0.579607 0.534135 0.079272 0.202527
1 0.603867 0.446050 0.030312 0.031943
0 0.641739 0.572254 0.144736 0.304668
1 0.276776 0.450178 0.022484 0.024556
1 0.244731 0.450653 0.023896 0.030652
1 0.500207 0.448608 0.018596 0.019285
1 0.461120 0.449272 0.018996 0.019055
1 0.163432 0.441226 0.026088 0.036061
1 0.667399 0.445062 0.045096 0.051831
0 0.253555 0.521265 0.079164 0.167875
0 0.777019 0.608552 0.172392 0.414299
1 0.076311 0.449146 0.018712 0.020545
1 0.830495 0.438598 0.074604 0.074936
1 0.197096 0.447499 0.062848 0.055114
