0 0.484377 0.664844 0.203124 0.385938
0 0.779688 0.539062 0.146876 0.290626
0 0.307033 0.541407 0.160936 0.298438
0 0.144533 0.393751 0.095312 0.171875
0 0.057033 0.323438 0.067188 0.143750
1 0.500001 0.500000 0.059376 0.059375
0 0.237500 0.317188 0.053124 0.112500
0 0.107032 0.344532 0.067188 0.129688
1 0.792188 0.418750 0.043748 0.043749
0 0.202345 0.298439 0.051564 0.096876
1 0.311720 0.425782 0.051564 0.064062
1 0.099220 0.289063 0.020312 0.025000
1 0.204688 0.260157 0.018748 0.017188
1 0.144533 0.320313 0.023436 0.025000
1 0.235157 0.275000 0.017188 0.028125
1 0.061721 0.285157 0.020312 0.023438
0 0.499220 0.503126 0.073436 0.074999
0 0.792969 0.421876 0.057812 0.059375
0 0.312501 0.421093 0.062500 0.057811
1 0.053905 0.260157 0.017188 0.017188
