0 0.500289 0.499482 0.198108 0.311004
0 0.793821 0.424287 0.078364 0.120089
0 0.376277 0.424386 0.071404 0.123552
0 0.745914 0.419166 0.043708 0.108076
0 0.581381 0.424908 0.052024 0.122236
0 0.873357 0.459135 0.079272 0.202527
1 0.897617 0.371050 0.030312 0.031943
0 0.931561 0.497255 0.136879 0.304668
1 0.570526 0.375178 0.022484 0.024556
1 0.538481 0.375653 0.023896 0.030652
1 0.793957 0.373608 0.018596 0.019285
1 0.754870 0.374272 0.018996 0.019055
1 0.457182 0.366226 0.026088 0.036061
1 0.961149 0.370062 0.045096 0.051831
0 0.547305 0.446265 0.079164 0.167875
1 0.370061 0.374146 0.018712 0.020545
1 0.490845 0.372499 0.062848 0.055114
