0 0.367968 0.721093 0.314064 0.470313
0 0.097657 0.627344 0.195313 0.301563
0 0.532032 0.635156 0.157812 0.317187
0 0.764843 0.546094 0.092188 0.154688
0 0.836720 0.528126 0.073436 0.125001
0 0.884376 0.516406 0.040624 0.104688
0 0.590624 0.526562 0.068752 0.125001
0 0.701564 0.507032 0.053124 0.085937
1 0.353124 0.521095 0.081252 0.070312
1 0.761719 0.478907 0.023436 0.020313
1 0.059375 0.497657 0.043748 0.042188
1 0.838280 0.475782 0.020312 0.020313
1 0.500780 0.500001 0.045312 0.043749
1 0.583595 0.474218 0.023436 0.020313
1 0.875779 0.472657 0.014064 0.014063
1 0.703124 0.473438 0.018748 0.015624
0 0.510156 0.464845 0.079688 0.095312
0 0.355467 0.521095 0.095312 0.079688
0 0.075779 0.498437 0.073436 0.056250
