0 0.796900 0.752121 0.387684 0.495757
0 0.302884 0.605077 0.180288 0.321494
0 0.499524 0.500054 0.074292 0.123457
0 0.429604 0.532612 0.088732 0.171936
0 0.913468 0.501251 0.075204 0.124119
1 0.797048 0.559349 0.086528 0.107226
1 0.761380 0.488608 0.045224 0.055894
0 0.680056 0.491448 0.044428 0.112736
0 0.856932 0.462265 0.040968 0.054254
1 0.914860 0.450385 0.023340 0.023425
1 0.499344 0.450194 0.022792 0.023695
0 0.308788 0.480783 0.076836 0.083767
1 0.305032 0.448669 0.020776 0.020140
1 0.723872 0.449800 0.017608 0.022597
0 0.733960 0.526060 0.101312 0.132642
1 0.860776 0.444441 0.016288 0.016607
1 0.707076 0.446795 0.015952 0.020372
1 0.430748 0.459592 0.024560 0.025483
1 0.770760 0.458654 0.024156 0.019683
1 0.691988 0.446183 0.014944 0.018133
1 0.853060 0.522716 0.064024 0.080676
0 0.702448 0.495388 0.053568 0.116500
1 0.292600 0.486205 0.070268 0.064872
