0 0.499280 0.500534 0.361268 0.554400
0 0.831800 0.333134 0.270036 0.413354
0 0.811364 0.078324 0.105604 0.156647
0 0.918632 0.213843 0.162736 0.296861
0 0.579964 0.139908 0.138208 0.228076
1 0.464412 0.276375 0.087948 0.102094
0 0.948164 0.041835 0.062244 0.083671
0 0.760480 0.037425 0.051964 0.074850
0 0.491192 0.183990 0.166184 0.279781
1 0.808452 0.008166 0.025864 0.016331
1 0.484416 0.073297 0.059492 0.060716
1 0.566720 0.047530 0.050452 0.054500
1 0.815636 0.165612 0.083304 0.079108
1 0.919016 0.094634 0.054536 0.052214
