0 0.219572 0.554436 0.217660 0.413960
0 0.745624 0.526158 0.153836 0.341215
0 0.053538 0.513916 0.107076 0.304904
0 0.870512 0.489519 0.099360 0.239879
0 0.499672 0.499860 0.134800 0.270511
1 0.049048 0.395017 0.015772 0.017356
0 0.067820 0.446018 0.050948 0.123084
0 0.179152 0.412193 0.074104 0.085142
1 0.174740 0.390906 0.016356 0.019858
1 0.751272 0.385407 0.065372 0.067577
1 0.210640 0.378022 0.084276 0.074603
1 0.498536 0.389797 0.058036 0.053550
1 0.867020 0.388600 0.051516 0.053325
1 0.013969 0.388120 0.027938 0.055719
