0 0.542442 0.727750 0.368340 0.544500
0 0.926580 0.640972 0.146840 0.297481
0 0.250865 0.582842 0.070760 0.121446
0 0.347734 0.648791 0.132240 0.309677
0 0.207394 0.577871 0.043228 0.111069
1 0.374162 0.519227 0.043520 0.052150
1 0.335830 0.522197 0.027228 0.029043
1 0.252422 0.531551 0.017292 0.019766
1 0.217537 0.533364 0.021744 0.021382
0 0.315194 0.613615 0.083720 0.205007
1 0.500102 0.500375 0.038736 0.050717
1 0.440866 0.529211 0.017444 0.019454
1 0.557238 0.497974 0.102516 0.113195
1 0.969925 0.519281 0.060150 0.060617
