0 0.360840 0.432083 0.203752 0.404802
0 0.500460 0.500385 0.259324 0.569727
0 0.179020 0.394999 0.181272 0.299529
0 0.712424 0.386129 0.166408 0.283365
0 0.052988 0.355638 0.089988 0.202367
0 0.015209 0.312667 0.030418 0.093951
1 0.589072 0.260962 0.083800 0.093494
0 0.101392 0.323386 0.055300 0.119453
1 0.110932 0.275310 0.019728 0.021717
1 0.021452 0.274584 0.013380 0.018124
1 0.071828 0.271231 0.026984 0.031538
1 0.405072 0.267206 0.087148 0.084562
1 0.189328 0.270252 0.058644 0.058352
1 0.745384 0.268443 0.062088 0.058498
