0 0.807715 0.575833 0.203752 0.404802
0 0.908837 0.644135 0.182327 0.569727
0 0.625895 0.538749 0.181272 0.299529
0 0.372243 0.467660 0.071748 0.122380
0 0.319295 0.461954 0.054772 0.110797
0 0.499863 0.499388 0.089988 0.202367
0 0.458963 0.456417 0.036660 0.093951
1 0.997024 0.404712 0.005953 0.093494
0 0.548267 0.467136 0.055300 0.119453
0 0.186111 0.518420 0.178852 0.263448
1 0.557807 0.419060 0.019728 0.021717
0 0.103227 0.520650 0.109928 0.248398
1 0.372323 0.417357 0.019268 0.021080
0 0.120455 0.637389 0.240911 0.725221
1 0.468327 0.418334 0.013380 0.018124
1 0.518703 0.414981 0.026984 0.031538
1 0.326723 0.419308 0.021668 0.021919
1 0.851947 0.410956 0.087148 0.084562
1 0.178339 0.415301 0.067224 0.061180
1 0.636203 0.414002 0.058644 0.058352
1 0.112955 0.413435 0.046376 0.049597
