0 0.319616 0.560336 0.203932 0.400772
0 0.770907 0.526291 0.134148 0.310401
0 0.500167 0.500706 0.121816 0.257780
0 0.068063 0.524423 0.136125 0.301932
0 0.149423 0.468673 0.087844 0.170239
0 0.830072 0.488272 0.069276 0.220095
0 0.111279 0.442618 0.047732 0.107127
1 0.034600 0.396250 0.042160 0.046555
1 0.137731 0.398097 0.023480 0.025443
1 0.096720 0.399625 0.016792 0.020074
0 0.032443 0.447779 0.064885 0.145669
1 0.769683 0.396173 0.058016 0.059960
1 0.315267 0.397899 0.079968 0.077387
1 0.497732 0.396788 0.057588 0.055138
1 0.815891 0.397145 0.044084 0.050503
