0 0.073550 0.700531 0.147100 0.308205
0 0.457806 0.850281 0.398616 0.299439
0 0.215510 0.599238 0.103360 0.170734
0 0.296478 0.553136 0.079464 0.126533
0 0.571030 0.807991 0.271560 0.384019
0 0.723678 0.562374 0.090388 0.130387
0 0.670270 0.533648 0.053060 0.098084
0 0.111250 0.548978 0.068600 0.113913
1 0.575590 0.660276 0.072900 0.081700
1 0.464206 0.749315 0.092108 0.102935
1 0.216282 0.528329 0.024908 0.028823
0 0.485106 0.546066 0.054116 0.112304
1 0.732314 0.509697 0.025368 0.025931
1 0.683154 0.493279 0.016768 0.017244
1 0.106658 0.502171 0.018500 0.019332
1 0.511402 0.596981 0.050612 0.050112
1 0.300290 0.502825 0.024096 0.025632
1 0.500434 0.499630 0.019140 0.019026
1 0.552642 0.545864 0.031964 0.038284
1 0.519470 0.492923 0.018328 0.018072
1 0.050274 0.582534 0.054500 0.064784
1 0.065466 0.566419 0.035296 0.038738
