0 0.500025 0.500347 0.387684 0.601585
0 0.048076 0.300390 0.096153 0.321494
0 0.202649 0.195367 0.074292 0.123457
0 0.132729 0.227924 0.088732 0.171936
1 0.500173 0.254661 0.086528 0.107226
1 0.464505 0.183921 0.045224 0.055894
0 0.383181 0.186760 0.044428 0.112736
1 0.202469 0.145507 0.022792 0.023695
0 0.025166 0.176096 0.050331 0.083767
1 0.009272 0.143981 0.018545 0.020140
1 0.426997 0.145113 0.017608 0.022597
0 0.437085 0.221372 0.101312 0.132642
1 0.410201 0.142107 0.015952 0.020372
1 0.133873 0.154905 0.024560 0.025483
1 0.473885 0.153967 0.024156 0.019683
1 0.395113 0.141495 0.014944 0.018133
0 0.405573 0.190700 0.053568 0.116500
1 0.015429 0.181518 0.030859 0.064872
