0 0.148917 0.754324 0.297834 0.491351
0 0.642065 0.579219 0.195656 0.306934
0 0.497420 0.671028 0.256452 0.428938
0 0.311832 0.526321 0.142312 0.234965
0 0.844205 0.508006 0.147456 0.215899
0 0.983228 0.416451 0.033544 0.097808
0 0.945956 0.441037 0.069980 0.134404
0 0.718801 0.438866 0.066852 0.126634
0 0.760701 0.427915 0.051840 0.111055
1 0.069164 0.559882 0.092032 0.105215
0 0.210744 0.545037 0.178664 0.260521
1 0.299769 0.428575 0.037128 0.042140
1 0.844749 0.418024 0.031504 0.038131
1 0.499233 0.499859 0.075780 0.087458
0 0.568392 0.455601 0.086040 0.139644
0 0.532044 0.424779 0.040140 0.103477
1 0.997728 0.377790 0.004544 0.019008
1 0.752149 0.383347 0.017576 0.019267
1 0.566808 0.403046 0.027384 0.031226
1 0.727941 0.388126 0.022144 0.022149
1 0.956653 0.386968 0.024868 0.025571
1 0.540453 0.384220 0.017796 0.019697
1 0.199437 0.444495 0.069556 0.065709
1 0.631820 0.454639 0.056592 0.060671
