0 0.053907 0.776563 0.107814 0.446875
0 0.732032 0.770313 0.226564 0.434376
0 0.621876 0.664845 0.165624 0.320312
0 0.074219 0.658594 0.148438 0.298438
0 0.244532 0.524220 0.098436 0.154688
0 0.353908 0.482032 0.042188 0.101563
0 0.314064 0.496875 0.075000 0.128124
0 0.166408 0.468750 0.054688 0.087500
1 0.749220 0.584375 0.064064 0.065626
0 0.059376 0.496875 0.084376 0.118750
0 0.499220 0.500001 0.076564 0.143750
0 0.541408 0.542188 0.089064 0.187499
1 0.246876 0.460938 0.021876 0.021875
1 0.621876 0.535157 0.050000 0.064062
1 0.311720 0.444531 0.020312 0.020313
1 0.034376 0.528126 0.043748 0.046874
1 0.344532 0.437500 0.014064 0.015624
1 0.164844 0.433594 0.017188 0.014063
0 0.669532 0.482813 0.051564 0.115625
1 0.054688 0.447657 0.021876 0.020313
0 0.696876 0.489063 0.043748 0.112500
1 0.671876 0.437500 0.018748 0.018749
1 0.534376 0.451562 0.018748 0.018749
1 0.694532 0.442970 0.014064 0.014063
1 0.499220 0.453907 0.020312 0.023438
0 0.749220 0.588282 0.073436 0.073438
0 0.038280 0.532812 0.057812 0.053125
1 0.548436 0.475781 0.025000 0.026563
1 0.517968 0.436719 0.014064 0.020313
