0 0.476563 0.665625 0.215624 0.393750
0 0.806251 0.541407 0.159376 0.298438
0 0.183596 0.396876 0.092188 0.171875
0 0.103908 0.323438 0.064064 0.143750
1 0.499219 0.500000 0.060936 0.059375
0 0.286719 0.320313 0.054688 0.112500
0 0.256252 0.299219 0.053124 0.092187
1 0.821095 0.418750 0.045312 0.046874
0 0.143752 0.344532 0.075000 0.129688
1 0.326563 0.422656 0.053124 0.064062
1 0.181251 0.320313 0.021876 0.021875
1 0.146096 0.291407 0.020312 0.020313
1 0.108595 0.260157 0.017188 0.017188
0 0.321095 0.542188 0.160936 0.303125
1 0.258595 0.263282 0.017188 0.017188
1 0.106252 0.285938 0.018748 0.028125
0 0.498436 0.502345 0.075000 0.076563
0 0.821095 0.421876 0.057812 0.059375
0 0.329688 0.421093 0.062500 0.054689
1 0.286719 0.276562 0.017188 0.018749
