0 0.628907 0.739843 0.229688 0.464062
0 0.026562 0.653906 0.053125 0.317187
0 0.207031 0.564844 0.092188 0.154688
0 0.528907 0.661718 0.189064 0.335938
0 0.278907 0.546876 0.073436 0.125001
0 0.326563 0.535156 0.040624 0.104688
0 0.033594 0.545312 0.067187 0.125001
1 0.635939 0.540625 0.065624 0.071874
0 0.677343 0.523438 0.039064 0.078125
0 0.143751 0.525782 0.053124 0.085937
1 0.203907 0.497657 0.023436 0.020313
1 0.280467 0.494532 0.020312 0.020313
1 0.499219 0.499999 0.026564 0.031250
1 0.542187 0.517968 0.043748 0.045313
1 0.467967 0.496094 0.023436 0.023438
1 0.025783 0.492968 0.023436 0.020313
1 0.317967 0.491407 0.014064 0.014063
0 0.487499 0.578124 0.100000 0.187499
1 0.145311 0.492188 0.018748 0.015624
1 0.670311 0.492968 0.015624 0.017188
0 0.461719 0.545312 0.064064 0.125001
0 0.651563 0.537500 0.090624 0.084375
1 0.653127 0.493749 0.021876 0.021875
