0 0.499303 0.499398 0.203932 0.400772
0 0.941761 0.465353 0.116479 0.310401
0 0.679855 0.439769 0.121816 0.257780
0 0.061239 0.378443 0.068552 0.099668
0 0.238591 0.463486 0.154444 0.301932
0 0.133987 0.391911 0.080308 0.122150
0 0.329111 0.407735 0.087844 0.170239
0 0.987561 0.427335 0.024879 0.220095
0 0.290967 0.381680 0.047732 0.107127
1 0.214287 0.335312 0.042160 0.046555
1 0.317419 0.337160 0.023480 0.025443
1 0.054719 0.337722 0.015168 0.015928
1 0.125231 0.339981 0.019508 0.018945
1 0.276407 0.338687 0.016792 0.020074
0 0.203243 0.386842 0.082660 0.145669
1 0.949371 0.335236 0.058016 0.059960
1 0.494955 0.336962 0.079968 0.077387
1 0.677419 0.335850 0.057588 0.055138
1 0.986768 0.336208 0.026463 0.050503
