0 0.430470 0.714063 0.310936 0.450000
0 0.071094 0.559376 0.142187 0.309375
0 0.435157 0.369532 0.079688 0.129688
0 0.632813 0.400782 0.100000 0.154688
0 0.730469 0.344532 0.039064 0.101563
0 0.932813 0.418750 0.100000 0.187499
0 0.692970 0.366406 0.073436 0.129688
0 0.500002 0.499220 0.118748 0.182812
0 0.532813 0.331250 0.056252 0.087500
1 0.467969 0.432813 0.045312 0.046874
1 0.010157 0.432032 0.020314 0.048438
0 0.875781 0.361720 0.070312 0.142187
1 0.410157 0.524219 0.076564 0.076563
1 0.717969 0.302344 0.014064 0.014063
1 0.887502 0.298439 0.012500 0.015624
1 0.530469 0.296094 0.017188 0.014063
0 0.907813 0.383594 0.059376 0.132813
1 0.687502 0.310157 0.021876 0.020313
1 0.877345 0.320313 0.020312 0.025000
1 0.935158 0.348438 0.020312 0.028125
1 0.692970 0.317188 0.014064 0.021875
0 0.016407 0.435938 0.032813 0.056250
0 0.472658 0.439844 0.054688 0.045313
1 0.632813 0.335156 0.021876 0.023438
1 0.914845 0.323438 0.020312 0.021875
1 0.432813 0.320313 0.025000 0.028125
