0 0.478125 0.706251 0.296876 0.484375
0 0.757813 0.558594 0.068752 0.120312
0 0.262501 0.572657 0.087500 0.154688
1 0.500002 0.499219 0.075000 0.076563
0 0.354689 0.558594 0.078124 0.126562
0 0.410157 0.533595 0.039064 0.070312
0 0.110158 0.552344 0.070312 0.132813
0 0.235158 0.543751 0.048436 0.087500
1 0.260158 0.505470 0.023436 0.020313
1 0.355469 0.506250 0.020312 0.021875
1 0.757813 0.509376 0.018748 0.021875
1 0.405470 0.506250 0.014064 0.015624
1 0.592189 0.508595 0.012500 0.014063
1 0.545314 0.503125 0.018748 0.021875
1 0.572658 0.506250 0.020312 0.021875
1 0.245313 0.508595 0.012500 0.014063
0 0.597657 0.537501 0.035936 0.074999
1 0.770313 0.508595 0.015624 0.017188
1 0.107813 0.509376 0.018748 0.018749
1 0.367969 0.505470 0.014064 0.014063
0 0.502345 0.500781 0.085936 0.082813
