0 0.718009 0.666936 0.217660 0.413960
0 0.509693 0.626416 0.191640 0.304904
0 0.066820 0.636485 0.133640 0.338276
0 0.965355 0.612360 0.069290 0.270511
0 0.614926 0.560592 0.066440 0.130572
0 0.328294 0.555988 0.062716 0.115461
0 0.372089 0.572242 0.099160 0.157226
1 0.605657 0.506306 0.018312 0.018907
0 0.113209 0.546876 0.050756 0.097438
0 0.090641 0.563706 0.072772 0.135506
1 0.356261 0.507748 0.030616 0.027713
1 0.330570 0.509503 0.016800 0.019130
1 0.063950 0.508378 0.023092 0.025288
1 0.097041 0.508522 0.017912 0.015919
1 0.547486 0.507517 0.015772 0.017356
0 0.566258 0.558518 0.050948 0.123084
0 0.677589 0.524693 0.074104 0.085142
1 0.673177 0.503406 0.016356 0.019858
1 0.709078 0.490522 0.084276 0.074603
1 0.983978 0.502297 0.032044 0.053550
1 0.499461 0.500620 0.053828 0.055719
1 0.008155 0.496678 0.016310 0.052159
