0 0.972886 0.605713 0.054228 0.594176
0 0.499322 0.500069 0.187080 0.316573
0 0.838365 0.435966 0.070760 0.121446
0 0.619293 0.435413 0.068208 0.122933
0 0.934557 0.501916 0.130887 0.309677
0 0.794894 0.430996 0.043228 0.111069
0 0.572021 0.454392 0.088296 0.171068
0 0.403894 0.436369 0.039156 0.121210
1 0.961662 0.372352 0.043520 0.052150
1 0.569469 0.381087 0.025828 0.028715
1 0.923330 0.375322 0.027228 0.029043
1 0.414538 0.383627 0.017888 0.020032
1 0.839922 0.384676 0.017292 0.019766
1 0.805037 0.386489 0.021744 0.021382
1 0.614746 0.385161 0.022784 0.022579
0 0.902694 0.466740 0.083720 0.205007
1 0.489058 0.374418 0.068824 0.060579
