0 0.413281 0.646876 0.160936 0.343750
0 0.011720 0.560937 0.023440 0.125001
0 0.232813 0.561718 0.078124 0.126562
0 0.489061 0.706251 0.256248 0.471875
0 0.286720 0.553906 0.045312 0.101563
0 0.626564 0.557812 0.068752 0.118750
0 0.109377 0.546094 0.053124 0.085937
1 0.500001 0.500781 0.068752 0.070312
0 0.148437 0.575780 0.093752 0.154688
1 0.150781 0.509376 0.020312 0.021875
1 0.279688 0.510157 0.015624 0.014063
1 0.111720 0.510937 0.017188 0.015624
1 0.628124 0.510937 0.025000 0.021875
1 0.439061 0.501562 0.050000 0.046874
1 0.233592 0.509376 0.020312 0.018749
0 0.503905 0.498436 0.073436 0.074999
