0 0.254821 0.794839 0.350068 0.410321
0 0.495377 0.660986 0.278424 0.396560
0 0.282397 0.289725 0.074740 0.116077
0 0.350113 0.355245 0.111756 0.168482
0 0.638425 0.406486 0.120492 0.209241
0 0.906917 0.311001 0.100288 0.132565
0 0.161609 0.434933 0.127156 0.223380
1 0.237833 0.638373 0.085604 0.097148
0 0.495029 0.283470 0.050528 0.111274
0 0.088581 0.490821 0.159336 0.282803
1 0.532769 0.402004 0.048692 0.052256
1 0.348649 0.284806 0.025300 0.029225
0 0.872485 0.269909 0.049180 0.102460
0 0.723353 0.262515 0.050624 0.092554
1 0.658833 0.318430 0.031340 0.035096
1 0.891133 0.228174 0.016068 0.017095
0 0.463029 0.295064 0.071268 0.123185
1 0.499313 0.500390 0.077988 0.071519
1 0.916085 0.256130 0.024932 0.027308
1 0.483785 0.236949 0.018588 0.019665
1 0.721389 0.225919 0.016776 0.017354
1 0.468973 0.247101 0.019300 0.019555
0 0.689005 0.294238 0.064988 0.135227
1 0.280217 0.241955 0.018080 0.018884
0 0.519821 0.458189 0.158664 0.160918
1 0.685321 0.237522 0.018584 0.019543
0 0.676013 0.263188 0.045184 0.070121
1 0.087313 0.378190 0.061444 0.058142
1 0.145213 0.343338 0.050288 0.053876
