0 0.097770 0.856198 0.195539 0.287604
0 0.347425 0.807760 0.270036 0.384481
0 0.326989 0.560559 0.105604 0.170300
0 0.446397 0.702906 0.187016 0.296861
0 0.095589 0.628971 0.138208 0.228076
0 0.690289 0.513903 0.072128 0.135828
0 0.904449 0.515386 0.097804 0.153617
0 0.736349 0.484647 0.063348 0.095931
0 0.500553 0.500325 0.048996 0.110349
1 0.012006 0.765438 0.024011 0.102094
0 0.463789 0.511165 0.062244 0.123136
0 0.276105 0.505979 0.051964 0.115866
1 0.614685 0.517501 0.031260 0.035519
0 0.044954 0.673053 0.089909 0.279781
1 0.324077 0.491489 0.025864 0.027810
1 0.283425 0.459154 0.019144 0.022201
0 0.599769 0.605760 0.121964 0.210220
1 0.738305 0.446417 0.017628 0.017280
1 0.491741 0.454443 0.017728 0.018488
1 0.695569 0.458947 0.025944 0.025123
1 0.469897 0.461830 0.022832 0.021096
1 0.905493 0.447940 0.017636 0.017653
1 0.014894 0.562360 0.029787 0.060716
1 0.082345 0.536593 0.050452 0.054500
1 0.331261 0.654675 0.083304 0.079108
1 0.434641 0.583696 0.054536 0.052214
