0 0.928486 0.614599 0.143028 0.310847
0 0.382838 0.751340 0.387684 0.497320
0 0.085462 0.498492 0.074292 0.123457
0 0.029954 0.531049 0.059908 0.171936
0 0.499405 0.499689 0.075204 0.124119
1 0.382986 0.557786 0.086528 0.107226
1 0.347317 0.487046 0.045224 0.055894
0 0.265994 0.489885 0.044428 0.112736
0 0.442870 0.460703 0.040968 0.054254
1 0.500798 0.448823 0.023340 0.023425
1 0.085281 0.448632 0.022792 0.023695
1 0.309810 0.448238 0.017608 0.022597
0 0.319898 0.524497 0.101312 0.132642
1 0.446713 0.442879 0.016288 0.016607
1 0.293013 0.445232 0.015952 0.020372
1 0.016685 0.458030 0.024560 0.025483
1 0.356697 0.457092 0.024156 0.019683
1 0.277925 0.444620 0.014944 0.018133
1 0.438997 0.521154 0.064024 0.080676
0 0.288386 0.493825 0.053568 0.116500
1 0.980323 0.484864 0.039354 0.068173
