0 0.253380 0.550762 0.200208 0.410238
0 0.759048 0.525440 0.144312 0.334328
0 0.058774 0.514161 0.117548 0.298213
0 0.500368 0.500758 0.131336 0.263221
0 0.865864 0.490653 0.092948 0.240561
0 0.195404 0.463455 0.090928 0.168588
0 0.134344 0.437378 0.037648 0.092891
1 0.020087 0.388195 0.040174 0.045133
0 0.101040 0.449188 0.054708 0.128268
1 0.126552 0.398916 0.013364 0.013923
1 0.764812 0.386802 0.060996 0.064321
1 0.248752 0.379481 0.077468 0.071105
1 0.500740 0.389802 0.058244 0.053856
1 0.860436 0.390879 0.049252 0.051403
