0 0.885936 0.485937 0.228128 0.443750
0 0.170312 0.500000 0.340624 0.512501
1 0.871876 0.294532 0.059376 0.057812
0 0.618752 0.365625 0.150000 0.162500
0 0.887500 0.642968 0.225000 0.714063
0 0.738280 0.367970 0.135936 0.167188
1 0.320312 0.296874 0.040624 0.034375
1 0.242968 0.296874 0.035936 0.028125
0 0.472656 0.352344 0.126564 0.129688
1 0.822656 0.301563 0.023436 0.028125
0 0.348436 0.390625 0.243748 0.225000
0 0.294532 0.375782 0.107812 0.185938
1 0.595312 0.300780 0.031248 0.032812
1 0.710936 0.298438 0.031248 0.025000
0 0.844532 0.346093 0.104688 0.151562
1 0.007812 0.282031 0.015624 0.070312
1 0.453124 0.299999 0.025000 0.021875
0 0.637500 0.653126 0.725000 0.693749
1 0.929688 0.239844 0.140624 0.376562
1 0.156248 0.296094 0.040624 0.032812
