0 0.499220 0.629688 0.207812 0.315626
0 0.281251 0.689844 0.300000 0.464062
0 0.121875 0.619532 0.200000 0.289062
0 0.856251 0.566407 0.087500 0.154688
0 0.948439 0.552344 0.078124 0.126562
0 0.992188 0.527345 0.015625 0.070312
0 0.703908 0.546094 0.070312 0.132813
0 0.828908 0.537501 0.048436 0.087500
1 0.853908 0.499219 0.023436 0.020313
1 0.249220 0.489063 0.067188 0.062500
1 0.949219 0.500000 0.020312 0.021875
1 0.098439 0.496094 0.043748 0.039062
1 0.839063 0.502345 0.012500 0.014063
1 0.701564 0.503126 0.018748 0.018749
1 0.961719 0.499219 0.014064 0.014063
0 0.264063 0.496875 0.100000 0.078125
0 0.500000 0.500781 0.059376 0.054688
1 0.500000 0.500781 0.059376 0.054688
