0 0.539884 0.641936 0.217660 0.413960
0 0.331568 0.601416 0.191640 0.304904
0 0.819985 0.587360 0.134800 0.270511
0 0.436801 0.535592 0.066440 0.130572
0 0.150169 0.530989 0.062716 0.115461
0 0.193964 0.547243 0.099160 0.157226
1 0.427532 0.481306 0.018312 0.018907
1 0.178136 0.482748 0.030616 0.027713
1 0.152445 0.484504 0.016800 0.019130
1 0.369361 0.482517 0.015772 0.017356
0 0.388133 0.533518 0.050948 0.123084
0 0.499464 0.499693 0.074104 0.085142
1 0.495052 0.478406 0.016356 0.019858
1 0.530953 0.465522 0.084276 0.074603
1 0.818848 0.477297 0.058036 0.053550
1 0.321336 0.475620 0.053828 0.055719
