0 0.499259 0.499749 0.217660 0.413960
0 0.290943 0.459228 0.191640 0.304904
0 0.779360 0.445172 0.134800 0.270511
0 0.396176 0.393405 0.066440 0.130572
0 0.109544 0.388801 0.062716 0.115461
0 0.153339 0.405055 0.099160 0.157226
1 0.386907 0.339119 0.018312 0.018907
1 0.137511 0.340561 0.030616 0.027713
1 0.111820 0.342316 0.016800 0.019130
1 0.328736 0.340329 0.015772 0.017356
0 0.347508 0.391330 0.050948 0.123084
0 0.458839 0.357506 0.074104 0.085142
1 0.454427 0.336219 0.016356 0.019858
1 0.490328 0.323335 0.084276 0.074603
1 0.778223 0.335109 0.058036 0.053550
1 0.280711 0.333433 0.053828 0.055719
