0 0.255407 0.628003 0.171740 0.299603
0 0.475023 0.664841 0.229324 0.399845
0 0.044639 0.545325 0.053376 0.092135
0 0.639854 0.726176 0.266100 0.547648
0 0.101054 0.672707 0.202108 0.654585
0 0.116971 0.590195 0.106744 0.201692
1 0.714559 0.494340 0.081892 0.087379
0 0.747634 0.605845 0.157496 0.300022
1 0.125111 0.506386 0.028700 0.033320
1 0.044899 0.508279 0.013704 0.015955
0 0.147599 0.555027 0.062148 0.124610
1 0.141302 0.508272 0.018132 0.026809
1 0.787727 0.505030 0.040460 0.048836
1 0.500122 0.500253 0.086536 0.083014
1 0.264498 0.504580 0.060476 0.060467
