0 0.889884 0.610686 0.217660 0.413960
0 0.681568 0.570166 0.191640 0.304904
0 0.173665 0.580234 0.263700 0.338276
0 0.786801 0.504342 0.066440 0.130572
0 0.500169 0.499739 0.062716 0.115461
0 0.543964 0.515993 0.099160 0.157226
0 0.285084 0.490626 0.050756 0.097438
0 0.262516 0.507456 0.072772 0.135506
1 0.528136 0.451498 0.030616 0.027713
1 0.502444 0.453254 0.016800 0.019130
1 0.235825 0.452128 0.023092 0.025288
1 0.268916 0.452273 0.017912 0.015919
1 0.719361 0.451267 0.015772 0.017356
0 0.738133 0.502268 0.050948 0.123084
0 0.849464 0.468443 0.074104 0.085142
1 0.845052 0.447156 0.016356 0.019858
1 0.880953 0.434272 0.084276 0.074603
1 0.671337 0.444370 0.053828 0.055719
1 0.153304 0.440429 0.069760 0.052159
