0 0.785241 0.663461 0.203932 0.400772
0 0.952442 0.603831 0.095115 0.257780
0 0.347176 0.542505 0.068552 0.099668
0 0.524528 0.627548 0.154444 0.301932
0 0.419925 0.555974 0.080308 0.122150
0 0.615048 0.571798 0.087844 0.170239
0 0.247241 0.567077 0.113268 0.159890
0 0.576904 0.545743 0.047732 0.107127
1 0.500225 0.499375 0.042160 0.046555
0 0.228741 0.741066 0.457483 0.517868
1 0.603356 0.501222 0.023480 0.025443
1 0.233737 0.501229 0.026480 0.024354
1 0.340656 0.501785 0.015168 0.015928
1 0.411169 0.504044 0.019508 0.018945
1 0.562345 0.502750 0.016792 0.020074
1 0.207416 0.501521 0.021724 0.021452
1 0.166993 0.503062 0.020812 0.020711
0 0.172769 0.537191 0.084548 0.097038
0 0.489180 0.550904 0.082660 0.145669
1 0.002638 0.447985 0.005277 0.302168
1 0.780892 0.501024 0.079968 0.077387
1 0.963357 0.499913 0.057588 0.055138
