0 0.707268 0.682560 0.369400 0.601715
0 0.125916 0.570233 0.183392 0.317502
0 0.288016 0.498076 0.071012 0.123655
0 0.231316 0.519311 0.091104 0.177289
0 0.499797 0.499880 0.057260 0.120337
0 0.467513 0.493036 0.042488 0.112378
1 0.710205 0.431210 0.089312 0.104724
0 0.556912 0.573370 0.117052 0.296948
1 0.227176 0.445527 0.026188 0.029345
1 0.510741 0.447172 0.018456 0.021519
1 0.285765 0.447313 0.022884 0.023618
1 0.479453 0.447581 0.022108 0.021998
1 0.115709 0.442114 0.071100 0.063693
1 0.589057 0.441610 0.056116 0.056621
