0 0.252452 0.910910 0.407448 0.178181
0 0.158436 0.623888 0.112712 0.168932
0 0.428356 0.853870 0.281020 0.292260
0 0.066608 0.563356 0.074592 0.116253
0 0.029935 0.747829 0.059870 0.291868
0 0.700404 0.582434 0.102484 0.135018
0 0.492128 0.659577 0.133112 0.229030
1 0.246300 0.874403 0.092644 0.102029
0 0.656480 0.545734 0.060844 0.103221
1 0.408796 0.657757 0.044408 0.053872
1 0.713552 0.528742 0.024788 0.026384
1 0.066028 0.515879 0.017708 0.020097
1 0.672592 0.503679 0.017532 0.019093
0 0.453512 0.557092 0.055288 0.116062
1 0.158412 0.553735 0.025332 0.029898
0 0.257244 0.566061 0.084688 0.130104
1 0.267104 0.513649 0.019876 0.024743
0 0.495988 0.559670 0.075380 0.102334
1 0.500268 0.499922 0.017548 0.017199
1 0.470964 0.512769 0.017448 0.020153
0 0.380728 0.699704 0.115852 0.138281
0 0.506812 0.515651 0.042492 0.044636
1 0.485732 0.520593 0.024712 0.026246
1 0.431652 0.743302 0.088332 0.082260
