0 0.912076 0.455122 0.175848 0.289276
0 0.658706 0.570074 0.374724 0.579758
0 0.500074 0.499919 0.186356 0.407794
0 0.353110 0.460216 0.179776 0.302047
0 0.147494 0.389944 0.071676 0.121797
1 0.697062 0.326806 0.090828 0.097288
0 0.251570 0.424985 0.086864 0.199321
0 0.099038 0.385252 0.049652 0.108574
1 0.559810 0.336346 0.067028 0.078707
1 0.149138 0.339728 0.018248 0.021004
1 0.106202 0.339985 0.018952 0.020153
1 0.251778 0.337444 0.013388 0.016191
1 0.275098 0.337967 0.030468 0.032391
1 0.331050 0.335710 0.013120 0.016123
1 0.364158 0.334218 0.057120 0.056302
1 0.941146 0.338342 0.062496 0.057328
