0 0.737196 0.538947 0.198888 0.403819
0 0.067560 0.498904 0.135119 0.309110
0 0.499283 0.499998 0.159048 0.294460
0 0.946620 0.482644 0.106761 0.262834
0 0.399564 0.417283 0.059852 0.095265
0 0.044516 0.630398 0.089031 0.739203
0 0.624188 0.446376 0.092144 0.163568
0 0.555896 0.415209 0.036276 0.087158
0 0.460224 0.425311 0.075276 0.123422
1 0.487476 0.374619 0.039492 0.046042
0 0.287783 0.442168 0.104472 0.155306
1 0.396256 0.378608 0.015172 0.015836
1 0.623992 0.377017 0.021964 0.022984
0 0.598787 0.419945 0.048236 0.101862
1 0.601492 0.378642 0.017592 0.018875
1 0.546044 0.378907 0.014444 0.015559
1 0.283195 0.378122 0.021928 0.022320
1 0.238347 0.379996 0.025540 0.022768
1 0.268896 0.378374 0.022224 0.022369
1 0.514592 0.376479 0.014968 0.015381
0 0.237431 0.427575 0.069332 0.116390
1 0.450708 0.380055 0.018308 0.024181
1 0.733687 0.372380 0.080832 0.075598
1 0.957055 0.376693 0.057892 0.053356
1 0.011732 0.372668 0.023464 0.056952
