0 0.899967 0.699778 0.200067 0.600445
0 0.499759 0.500390 0.180288 0.321494
0 0.696399 0.395367 0.074292 0.123457
0 0.626479 0.427924 0.088732 0.171936
1 0.975330 0.454661 0.049341 0.107226
1 0.958255 0.383921 0.045224 0.055894
0 0.876931 0.386760 0.044428 0.112736
1 0.696219 0.345507 0.022792 0.023695
0 0.505663 0.376096 0.076836 0.083767
1 0.501907 0.343981 0.020776 0.020140
1 0.920747 0.345113 0.017608 0.022597
0 0.930835 0.421372 0.101312 0.132642
1 0.903951 0.342107 0.015952 0.020372
1 0.627623 0.354905 0.024560 0.025483
1 0.967635 0.353967 0.024156 0.019683
1 0.888863 0.341495 0.014944 0.018133
0 0.899323 0.390700 0.053568 0.116500
1 0.489475 0.381518 0.070268 0.064872
