0 0.918200 0.621273 0.163600 0.400772
0 0.500301 0.500318 0.068552 0.099668
0 0.677653 0.585361 0.154444 0.301932
0 0.573050 0.513786 0.080308 0.122150
0 0.768173 0.529610 0.087844 0.170239
0 0.400366 0.524890 0.113268 0.159890
0 0.730029 0.503555 0.047732 0.107127
1 0.653350 0.457187 0.042160 0.046555
0 0.305304 0.719972 0.610608 0.560056
1 0.756481 0.459035 0.023480 0.025443
1 0.386862 0.459041 0.026480 0.024354
1 0.564294 0.461856 0.019508 0.018945
1 0.715469 0.460562 0.016792 0.020074
0 0.325894 0.495003 0.084548 0.097038
0 0.642305 0.508717 0.082660 0.145669
1 0.079201 0.405797 0.158402 0.302168
1 0.934017 0.458837 0.079968 0.077387
