0 0.099521 0.216156 0.179532 0.308205
0 0.499994 0.499377 0.398616 0.566381
0 0.257697 0.114863 0.103360 0.170734
0 0.338666 0.068761 0.079464 0.126533
0 0.613217 0.331893 0.271560 0.400574
0 0.765866 0.077999 0.090388 0.130387
0 0.712457 0.049273 0.053060 0.098084
0 0.153438 0.064602 0.068600 0.113913
1 0.617777 0.175901 0.072900 0.081700
1 0.506394 0.264940 0.092108 0.102935
1 0.258469 0.043954 0.024908 0.028823
0 0.527294 0.061691 0.054116 0.112304
1 0.774501 0.025322 0.025368 0.025931
1 0.148846 0.017796 0.018500 0.019332
1 0.553589 0.112606 0.050612 0.050112
1 0.342478 0.018450 0.024096 0.025632
1 0.542621 0.015255 0.019140 0.019026
1 0.594829 0.061489 0.031964 0.038284
1 0.561657 0.008792 0.018328 0.017584
1 0.092462 0.098159 0.054500 0.064784
1 0.107653 0.082044 0.035296 0.038738
