0 0.924905 0.618603 0.150189 0.304904
0 0.437727 0.628672 0.263700 0.338276
0 0.764231 0.548176 0.062716 0.115461
0 0.808027 0.564430 0.099160 0.157226
0 0.549147 0.539064 0.050756 0.097438
0 0.526579 0.555894 0.072772 0.135506
1 0.792199 0.499936 0.030616 0.027713
1 0.766507 0.501691 0.016800 0.019130
1 0.499887 0.500566 0.023092 0.025288
1 0.532979 0.500710 0.017912 0.015919
1 0.983423 0.499704 0.015772 0.017356
0 0.988360 0.550705 0.023279 0.123084
1 0.935399 0.492808 0.053828 0.055719
1 0.417367 0.488866 0.069760 0.052159
