0 0.068084 0.510458 0.136168 0.329863
0 0.728380 0.536700 0.200208 0.410238
0 0.499876 0.500099 0.185344 0.298213
0 0.954850 0.486696 0.090300 0.263221
0 0.670404 0.449393 0.090928 0.168588
0 0.283852 0.431546 0.065692 0.115587
0 0.328640 0.446450 0.107692 0.157334
0 0.609344 0.423315 0.037648 0.092891
1 0.494592 0.374133 0.041164 0.045133
1 0.561388 0.382331 0.018912 0.020299
1 0.319760 0.379728 0.030020 0.024208
0 0.576040 0.435125 0.054708 0.128268
1 0.661372 0.380070 0.025492 0.024154
1 0.601552 0.384854 0.013364 0.013923
1 0.452628 0.385166 0.015064 0.017150
1 0.284184 0.383954 0.016940 0.016830
1 0.297476 0.382664 0.018040 0.018477
1 0.723752 0.365418 0.077468 0.071105
1 0.973309 0.375739 0.053382 0.053856
1 0.011216 0.369347 0.022432 0.055109
