0 0.717189 0.738281 0.243748 0.420313
0 0.104686 0.653125 0.209373 0.324999
0 0.570313 0.641407 0.196876 0.295312
0 0.247657 0.492187 0.098436 0.134375
0 0.834376 0.531249 0.087500 0.156249
0 0.670312 0.460156 0.053124 0.092187
0 0.500000 0.500001 0.093752 0.162500
0 0.298437 0.457031 0.053124 0.092187
1 0.564061 0.513280 0.043748 0.045313
0 0.757032 0.491406 0.070312 0.129688
0 0.815624 0.449219 0.050000 0.073438
0 0.713281 0.482030 0.051564 0.114062
1 0.706249 0.561718 0.059376 0.064062
1 0.056248 0.517186 0.053124 0.046874
1 0.750780 0.436720 0.020312 0.020313
1 0.668748 0.421093 0.015624 0.017188
1 0.699221 0.434375 0.023436 0.018749
0 0.864845 0.470312 0.051564 0.103124
1 0.237500 0.438281 0.025000 0.023438
1 0.513281 0.432031 0.020312 0.023438
1 0.819532 0.421093 0.017188 0.017188
1 0.287500 0.421093 0.018748 0.017188
1 0.496092 0.431250 0.017188 0.021875
1 0.862500 0.428906 0.018748 0.017188
