0 0.794644 0.722910 0.374724 0.554179
0 0.068921 0.627121 0.137842 0.312165
0 0.636012 0.665544 0.186356 0.407794
0 0.489047 0.625841 0.179776 0.302047
0 0.283432 0.555569 0.071676 0.121797
1 0.833000 0.492432 0.090828 0.097288
0 0.387507 0.590610 0.086864 0.199321
0 0.234976 0.550878 0.049652 0.108574
0 0.017733 0.608651 0.035466 0.258088
1 0.695748 0.501972 0.067028 0.078707
1 0.285075 0.505353 0.018248 0.021004
1 0.242140 0.505610 0.018952 0.020153
1 0.387716 0.503069 0.013388 0.016191
1 0.411036 0.503591 0.030468 0.032391
1 0.466988 0.501335 0.013120 0.016123
1 0.066208 0.507880 0.015688 0.021663
1 0.500096 0.499843 0.057120 0.056302
1 0.038020 0.502077 0.065712 0.057287
