0 0.500397 0.500403 0.376124 0.583508
0 0.967431 0.279219 0.065139 0.306934
0 0.879910 0.371028 0.240181 0.428938
0 0.702457 0.226321 0.142312 0.234965
1 0.459789 0.259882 0.092032 0.105215
0 0.601369 0.245037 0.178664 0.260521
1 0.690394 0.128575 0.037128 0.042140
1 0.889858 0.199859 0.075780 0.087458
0 0.957999 0.155601 0.084003 0.139644
0 0.922669 0.124779 0.040140 0.103477
1 0.957433 0.103046 0.027384 0.031226
1 0.931078 0.084220 0.017796 0.019697
1 0.590062 0.144495 0.069556 0.065709
1 0.997075 0.154638 0.005851 0.060671
