0 0.912235 0.679449 0.175531 0.579758
0 0.263247 0.570871 0.183564 0.312165
0 0.085247 0.499393 0.073268 0.122589
0 0.853199 0.609294 0.186356 0.407794
0 0.706235 0.569591 0.179776 0.302047
0 0.500619 0.499319 0.071676 0.121797
0 0.604695 0.534360 0.086864 0.199321
0 0.452163 0.494627 0.049652 0.108574
0 0.196535 0.552401 0.112236 0.258088
1 0.912935 0.445721 0.067028 0.078707
1 0.203087 0.442329 0.029036 0.036794
1 0.502263 0.449103 0.018248 0.021004
1 0.080047 0.448901 0.019480 0.020257
1 0.459327 0.449360 0.018952 0.020153
1 0.604903 0.446819 0.013388 0.016191
1 0.628223 0.447342 0.030468 0.032391
1 0.684175 0.445085 0.013120 0.016123
1 0.283395 0.451630 0.015688 0.021663
1 0.717283 0.443593 0.057120 0.056302
1 0.255207 0.445827 0.065712 0.057287
