0 0.493749 0.640625 0.246876 0.340625
0 0.285158 0.682032 0.301564 0.451562
0 0.087501 0.613281 0.175002 0.282812
0 0.803125 0.601563 0.200000 0.250000
0 0.703906 0.559375 0.092188 0.137500
1 0.291405 0.502345 0.089064 0.095312
1 0.817969 0.500000 0.042188 0.043749
0 0.164062 0.599999 0.100000 0.237501
1 0.190626 0.502345 0.034376 0.042188
0 0.971095 0.565626 0.057811 0.156249
1 0.721093 0.504687 0.026564 0.028125
1 0.759373 0.503125 0.018748 0.021875
1 0.231249 0.516407 0.015624 0.017188
1 0.500001 0.499219 0.065624 0.067187
1 0.074217 0.500000 0.064064 0.062500
