0 0.042059 0.734616 0.084119 0.530767
0 0.332259 0.688774 0.269604 0.437843
0 0.497939 0.632495 0.216044 0.329211
0 0.082944 0.612301 0.165887 0.288223
0 0.189551 0.591891 0.131968 0.235276
0 0.742611 0.586228 0.175636 0.230168
0 0.881011 0.540855 0.086380 0.141822
0 0.950799 0.523264 0.079640 0.104272
1 0.334411 0.513668 0.081232 0.091337
1 0.500315 0.500028 0.050880 0.058136
0 0.676447 0.530059 0.060200 0.115983
1 0.752231 0.490760 0.037468 0.040574
1 0.456935 0.484215 0.032016 0.030379
1 0.897735 0.482834 0.026288 0.023944
0 0.632403 0.535508 0.070796 0.128927
1 0.644819 0.483212 0.023748 0.023873
1 0.956983 0.480222 0.019912 0.019132
0 0.444603 0.507732 0.058940 0.074815
1 0.673151 0.480901 0.018676 0.018767
1 0.080295 0.495591 0.063816 0.061776
1 0.180327 0.494768 0.049824 0.051919
