0 0.480469 0.655469 0.198436 0.379688
0 0.285158 0.545313 0.151564 0.290626
0 0.090625 0.408594 0.084376 0.173437
0 0.735158 0.538282 0.139064 0.279688
0 0.157813 0.331251 0.046876 0.109375
0 0.117970 0.314063 0.051564 0.087500
1 0.500002 0.499220 0.056252 0.057812
0 0.037501 0.359375 0.062500 0.131249
1 0.747657 0.419532 0.042188 0.042188
0 0.010158 0.346094 0.020315 0.123437
1 0.287501 0.429688 0.046876 0.062501
1 0.027345 0.303906 0.020312 0.020313
1 0.085158 0.334376 0.023436 0.028125
1 0.120313 0.278907 0.018748 0.017188
1 0.154689 0.288282 0.018748 0.017188
0 0.497657 0.500781 0.070312 0.073438
0 0.289061 0.428124 0.065624 0.059375
0 0.746094 0.424218 0.057812 0.057811
