0 0.867534 0.684122 0.264932 0.601715
0 0.338416 0.571796 0.183392 0.317502
0 0.500516 0.499638 0.071012 0.123655
0 0.443816 0.520874 0.091104 0.177289
0 0.712297 0.501443 0.057260 0.120337
0 0.680013 0.494598 0.042488 0.112378
1 0.922705 0.432773 0.089312 0.104724
0 0.769412 0.574932 0.117052 0.296948
1 0.439676 0.447090 0.026188 0.029345
1 0.723240 0.448734 0.018456 0.021519
1 0.498265 0.448876 0.022884 0.023618
1 0.691952 0.449144 0.022108 0.021998
1 0.328209 0.443676 0.071100 0.063693
1 0.801557 0.443172 0.056116 0.056621
