0 0.499902 0.499271 0.203752 0.404802
0 0.639523 0.567572 0.259324 0.569727
0 0.318082 0.462186 0.181272 0.299529
0 0.064430 0.391098 0.071748 0.122380
0 0.019434 0.385392 0.038868 0.110797
0 0.851487 0.453317 0.166408 0.283365
0 0.192050 0.422825 0.089988 0.202367
0 0.151150 0.379855 0.036660 0.093951
1 0.728135 0.328150 0.083800 0.093494
0 0.240454 0.390574 0.055300 0.119453
1 0.064511 0.340795 0.019268 0.021080
1 0.160515 0.341771 0.013380 0.018124
1 0.210891 0.338418 0.026984 0.031538
1 0.544134 0.334393 0.087148 0.084562
1 0.328391 0.337440 0.058644 0.058352
1 0.884446 0.335631 0.062088 0.058498
