0 0.341709 0.600531 0.179532 0.308205
0 0.742181 0.800281 0.398616 0.399439
0 0.499885 0.499238 0.103360 0.170734
0 0.580853 0.453136 0.079464 0.126533
0 0.855405 0.716268 0.271560 0.400574
0 0.981430 0.462374 0.037141 0.130387
0 0.954645 0.433648 0.053060 0.098084
0 0.395625 0.448977 0.068600 0.113913
1 0.859965 0.560276 0.072900 0.081700
1 0.748581 0.649315 0.092108 0.102935
1 0.500657 0.428329 0.024908 0.028823
0 0.769481 0.446066 0.054116 0.112304
1 0.967529 0.393279 0.016768 0.017244
1 0.391033 0.402171 0.018500 0.019332
1 0.795777 0.496981 0.050612 0.050112
1 0.584665 0.402825 0.024096 0.025632
1 0.784809 0.399630 0.019140 0.019026
1 0.837017 0.445864 0.031964 0.038284
1 0.803845 0.392923 0.018328 0.018072
1 0.334649 0.482534 0.054500 0.064784
1 0.349841 0.466419 0.035296 0.038738
