0 0.851564 0.559376 0.165624 0.309375
0 0.471876 0.672657 0.237500 0.410938
0 0.339064 0.557032 0.171876 0.301563
0 0.032032 0.338282 0.039064 0.101563
0 0.234376 0.412500 0.100000 0.187499
0 0.015625 0.360156 0.031250 0.129688
1 0.867188 0.429688 0.046876 0.046874
1 0.350000 0.433594 0.050000 0.060937
0 0.339064 0.334376 0.046876 0.096876
0 0.177344 0.355470 0.070312 0.142187
0 0.369532 0.348438 0.045312 0.112500
1 0.019532 0.296094 0.014064 0.014063
1 0.189064 0.292189 0.012500 0.015624
0 0.209376 0.377344 0.059376 0.132813
1 0.178908 0.314063 0.020312 0.025000
1 0.364064 0.306251 0.015624 0.021875
1 0.236720 0.342188 0.020312 0.028125
0 0.867188 0.432814 0.059376 0.062500
0 0.499220 0.500001 0.073436 0.074999
0 0.351564 0.430469 0.065624 0.048438
1 0.216408 0.317188 0.020312 0.021875
1 0.499220 0.500781 0.060936 0.073438
1 0.341408 0.296094 0.017188 0.020313
