0 0.091405 0.668751 0.182810 0.312500
0 0.639844 0.782812 0.254688 0.418750
0 0.526564 0.657030 0.190624 0.298438
0 0.267968 0.474218 0.095312 0.129688
0 0.832032 0.518750 0.085936 0.168750
0 0.764844 0.477343 0.070312 0.129688
0 0.323436 0.432813 0.062500 0.090625
0 0.689064 0.437500 0.050000 0.093751
0 0.720312 0.467186 0.056252 0.121876
0 0.881252 0.451562 0.046876 0.106250
1 0.637500 0.605469 0.065624 0.064062
0 0.500780 0.500000 0.079688 0.153126
0 0.545312 0.460938 0.056252 0.131249
1 0.760156 0.422657 0.020312 0.020313
1 0.689064 0.398438 0.015624 0.015624
1 0.033592 0.535938 0.048436 0.046874
1 0.261720 0.421876 0.023436 0.025000
1 0.529688 0.528906 0.037500 0.045313
1 0.318752 0.396874 0.018748 0.015624
1 0.532812 0.404688 0.015624 0.015624
0 0.835156 0.426563 0.048436 0.068751
1 0.824220 0.446876 0.026564 0.025000
1 0.839064 0.399218 0.018748 0.017188
1 0.509376 0.415625 0.021876 0.025000
1 0.878908 0.408594 0.020312 0.017188
1 0.503124 0.436719 0.028124 0.023438
1 0.711720 0.418751 0.020312 0.025000
