0 0.729984 0.723996 0.365332 0.552007
0 0.069203 0.629169 0.138406 0.311004
0 0.332884 0.553975 0.078364 0.120089
0 0.284976 0.548853 0.043708 0.108076
1 0.751568 0.492097 0.088680 0.100744
0 0.120444 0.554596 0.052024 0.122236
0 0.412420 0.588823 0.079272 0.202527
1 0.436680 0.500737 0.030312 0.031943
0 0.474552 0.626942 0.144736 0.304668
1 0.109588 0.504866 0.022484 0.024556
1 0.077544 0.505341 0.023896 0.030652
1 0.333020 0.503296 0.018596 0.019285
1 0.293932 0.503959 0.018996 0.019055
1 0.004644 0.495913 0.009288 0.036061
1 0.500212 0.499749 0.045096 0.051831
0 0.086368 0.575952 0.079164 0.167875
0 0.609832 0.663239 0.172392 0.414299
1 0.663308 0.493285 0.074604 0.074936
1 0.030666 0.502186 0.061332 0.055114
