0 0.222813 0.579208 0.257960 0.329863
0 0.921951 0.605450 0.156099 0.410238
0 0.715501 0.568849 0.185344 0.298213
0 0.886029 0.518143 0.090928 0.168588
0 0.499477 0.500296 0.065692 0.115587
0 0.544265 0.515200 0.107692 0.157334
0 0.824969 0.492065 0.037648 0.092891
1 0.710217 0.442883 0.041164 0.045133
1 0.777013 0.451082 0.018912 0.020299
1 0.535385 0.448478 0.030020 0.024208
0 0.791665 0.503876 0.054708 0.128268
1 0.876997 0.448820 0.025492 0.024154
1 0.668253 0.453916 0.015064 0.017150
1 0.499809 0.452704 0.016940 0.016830
1 0.513101 0.451414 0.018040 0.018477
1 0.939377 0.434168 0.077468 0.071105
1 0.203909 0.438097 0.068296 0.055109
