0 0.038394 0.384906 0.076787 0.308205
0 0.387494 0.668127 0.398616 0.566381
0 0.145197 0.283613 0.103360 0.170734
0 0.226166 0.237511 0.079464 0.126533
0 0.500718 0.500644 0.271560 0.400574
0 0.653366 0.246749 0.090388 0.130387
0 0.599958 0.218023 0.053060 0.098084
0 0.040938 0.233352 0.068600 0.113913
1 0.505277 0.344651 0.072900 0.081700
1 0.393894 0.433690 0.092108 0.102935
1 0.145969 0.212704 0.024908 0.028823
0 0.414794 0.230441 0.054116 0.112304
1 0.662001 0.194072 0.025368 0.025931
1 0.612842 0.177654 0.016768 0.017244
1 0.036346 0.186546 0.018500 0.019332
1 0.441090 0.281356 0.050612 0.050112
1 0.229978 0.187200 0.024096 0.025632
1 0.430121 0.184005 0.019140 0.019026
1 0.482329 0.230239 0.031964 0.038284
1 0.449157 0.177298 0.018328 0.018072
1 0.003606 0.266909 0.007212 0.064784
1 0.006401 0.250794 0.012802 0.038738
