0 0.517321 0.701566 0.350068 0.501899
0 0.757877 0.521924 0.278424 0.396560
0 0.544897 0.150662 0.074740 0.116077
0 0.612613 0.216182 0.111756 0.168482
0 0.900925 0.267424 0.120492 0.209241
0 0.424109 0.295870 0.127156 0.223380
1 0.500333 0.499311 0.085604 0.097148
0 0.757529 0.144407 0.050528 0.111274
0 0.351081 0.351758 0.159336 0.282803
1 0.795269 0.262942 0.048692 0.052256
1 0.611149 0.145744 0.025300 0.029225
0 0.980270 0.123453 0.039459 0.092554
1 0.921333 0.179368 0.031340 0.035096
0 0.725529 0.156001 0.071268 0.123185
1 0.761813 0.361327 0.077988 0.071519
1 0.746285 0.097886 0.018588 0.019665
1 0.983889 0.086857 0.016776 0.017354
1 0.731473 0.108038 0.019300 0.019555
0 0.951505 0.155176 0.064988 0.135227
1 0.542717 0.102893 0.018080 0.018884
0 0.782321 0.319126 0.158664 0.160918
1 0.947821 0.098460 0.018584 0.019543
0 0.938513 0.124126 0.045184 0.070121
1 0.349813 0.239128 0.061444 0.058142
1 0.407713 0.204275 0.050288 0.053876
