0 0.916982 0.608646 0.166036 0.404802
0 0.972899 0.676947 0.054202 0.569727
0 0.754020 0.571561 0.181272 0.299529
0 0.081932 0.501584 0.073224 0.124268
0 0.500368 0.500473 0.071748 0.122380
0 0.447420 0.494767 0.054772 0.110797
0 0.627988 0.532200 0.089988 0.202367
0 0.587088 0.489230 0.036660 0.093951
0 0.676392 0.499949 0.055300 0.119453
0 0.314236 0.551233 0.178852 0.263448
1 0.685932 0.451873 0.019728 0.021717
0 0.231352 0.553462 0.109928 0.248398
1 0.074644 0.450203 0.019620 0.020860
1 0.500448 0.450170 0.019268 0.021080
0 0.184518 0.653796 0.369036 0.692409
1 0.596452 0.451146 0.013380 0.018124
1 0.646828 0.447793 0.026984 0.031538
1 0.454848 0.452120 0.021668 0.021919
1 0.968249 0.443768 0.063502 0.084562
1 0.306464 0.448113 0.067224 0.061180
1 0.764328 0.446815 0.058644 0.058352
1 0.241080 0.446248 0.046376 0.049597
