0 0.499695 0.499885 0.198888 0.403819
0 0.261783 0.460935 0.159048 0.294460
0 0.718851 0.443581 0.126224 0.262834
0 0.162063 0.378221 0.059852 0.095265
0 0.386688 0.407313 0.092144 0.163568
0 0.958200 0.472815 0.083600 0.329994
0 0.318396 0.376146 0.036276 0.087158
0 0.222724 0.386249 0.075276 0.123422
1 0.249976 0.335556 0.039492 0.046042
0 0.051260 0.403106 0.102520 0.155306
1 0.158756 0.339546 0.015172 0.015836
1 0.386491 0.337955 0.021964 0.022984
0 0.361287 0.380882 0.048236 0.101862
1 0.363992 0.339579 0.017592 0.018875
1 0.308544 0.339845 0.014444 0.015559
1 0.045695 0.339060 0.021928 0.022320
1 0.006809 0.340934 0.013617 0.022768
1 0.031395 0.339311 0.022224 0.022369
1 0.277092 0.337417 0.014968 0.015381
0 0.017299 0.388512 0.034597 0.116390
1 0.213208 0.340992 0.018308 0.024181
1 0.496187 0.333317 0.080832 0.075598
1 0.982044 0.336312 0.035913 0.062782
1 0.719555 0.337631 0.057892 0.053356
