0 0.681152 0.536771 0.203752 0.404802
0 0.820773 0.605072 0.259324 0.569727
0 0.499332 0.499686 0.181272 0.299529
0 0.245680 0.428598 0.071748 0.122380
0 0.192732 0.422892 0.054772 0.110797
0 0.373300 0.460325 0.089988 0.202367
0 0.332400 0.417355 0.036660 0.093951
1 0.909385 0.365650 0.083800 0.093494
0 0.421704 0.428073 0.055300 0.119453
0 0.074487 0.479358 0.148974 0.263448
1 0.431244 0.379998 0.019728 0.021717
0 0.015814 0.481587 0.031629 0.248398
1 0.245761 0.378294 0.019268 0.021080
0 0.057174 0.617858 0.114348 0.764284
1 0.341765 0.379271 0.013380 0.018124
1 0.392141 0.375918 0.026984 0.031538
1 0.200161 0.380245 0.021668 0.021919
1 0.725384 0.371893 0.087148 0.084562
1 0.051777 0.376238 0.067224 0.061180
1 0.509641 0.374940 0.058644 0.058352
1 0.004790 0.374373 0.009581 0.049597
