0 0.456152 0.664896 0.203752 0.404802
0 0.595773 0.724167 0.259324 0.551666
0 0.274332 0.627811 0.181272 0.299529
0 0.028277 0.556723 0.056555 0.122380
0 0.807737 0.618942 0.166408 0.283365
0 0.148300 0.588450 0.089988 0.202367
0 0.107400 0.545480 0.036660 0.093951
1 0.684385 0.493775 0.083800 0.093494
0 0.196704 0.556199 0.055300 0.119453
1 0.206244 0.508123 0.019728 0.021717
1 0.020761 0.506420 0.019268 0.021080
1 0.116765 0.507396 0.013380 0.018124
1 0.167140 0.504043 0.026984 0.031538
1 0.500384 0.500018 0.087148 0.084562
1 0.284641 0.503065 0.058644 0.058352
1 0.840696 0.501256 0.062088 0.058498
