0 0.500506 0.500467 0.247352 0.309110
0 0.954411 0.501560 0.091178 0.294460
0 0.888626 0.418846 0.059852 0.095265
0 0.289047 0.631180 0.578094 0.737641
0 0.949286 0.426874 0.075276 0.123422
1 0.976538 0.376181 0.039492 0.046042
0 0.776846 0.443731 0.104472 0.155306
0 0.196770 0.368093 0.084576 0.094518
1 0.078617 0.346450 0.157234 0.289433
1 0.772258 0.379685 0.021928 0.022320
1 0.727410 0.381559 0.025540 0.022768
1 0.757958 0.379937 0.022224 0.022369
1 0.998085 0.378042 0.003830 0.015381
0 0.726494 0.429137 0.069332 0.116390
1 0.939770 0.381617 0.018308 0.024181
1 0.480462 0.374231 0.064128 0.056952
