0 0.542477 0.633857 0.198108 0.311004
0 0.836009 0.558662 0.078364 0.120089
0 0.418465 0.558761 0.071404 0.123552
0 0.788101 0.553541 0.043708 0.108076
0 0.623569 0.559283 0.052024 0.122236
0 0.915545 0.593510 0.079272 0.202527
1 0.939805 0.505425 0.030312 0.031943
0 0.952654 0.631630 0.094691 0.304668
1 0.612713 0.509553 0.022484 0.024556
1 0.580669 0.510028 0.023896 0.030652
1 0.836145 0.507983 0.018596 0.019285
1 0.797057 0.508647 0.018996 0.019055
1 0.499369 0.500601 0.026088 0.036061
1 0.990394 0.504437 0.019211 0.051831
0 0.589493 0.580640 0.079164 0.167875
1 0.412249 0.508521 0.018712 0.020545
1 0.533033 0.506874 0.062848 0.055114
