0 0.107454 0.587714 0.107356 0.167886
0 0.195303 0.839941 0.274716 0.320119
0 0.393182 0.638076 0.131928 0.208843
0 0.053622 0.525691 0.074584 0.115857
0 0.672210 0.541189 0.100540 0.146493
0 0.258739 0.744150 0.201744 0.289352
0 0.265318 0.519094 0.049224 0.111789
0 0.455671 0.532725 0.072460 0.133934
0 0.499983 0.500322 0.051036 0.094493
1 0.404274 0.550486 0.029568 0.034103
1 0.104734 0.518111 0.024064 0.027158
1 0.051219 0.478014 0.018824 0.020131
1 0.255674 0.473711 0.018104 0.020682
1 0.236123 0.481087 0.021708 0.023463
1 0.497066 0.463485 0.016816 0.019651
0 0.643006 0.507018 0.043060 0.102965
1 0.665383 0.466401 0.016932 0.018137
0 0.909388 0.789911 0.181224 0.340330
1 0.457050 0.476628 0.019972 0.020981
0 0.236242 0.529723 0.073692 0.123878
1 0.683931 0.490454 0.024052 0.028267
1 0.979211 0.655097 0.041578 0.075505
1 0.185818 0.714740 0.082696 0.073748
1 0.254034 0.630793 0.053812 0.052119
