0 0.505577 0.721845 0.407448 0.550051
0 0.411561 0.248888 0.112712 0.168932
0 0.681481 0.532851 0.281020 0.400223
0 0.319733 0.188356 0.074592 0.116253
0 0.216301 0.372829 0.193388 0.291868
0 0.951144 0.207434 0.097713 0.135018
0 0.745253 0.284577 0.133112 0.229030
1 0.499425 0.499403 0.092644 0.102029
0 0.909605 0.170734 0.060844 0.103221
1 0.661921 0.282757 0.044408 0.053872
1 0.966677 0.153742 0.024788 0.026384
1 0.319153 0.140879 0.017708 0.020097
1 0.925717 0.128679 0.017532 0.019093
0 0.706637 0.182092 0.055288 0.116062
1 0.411537 0.178735 0.025332 0.029898
0 0.510369 0.191061 0.084688 0.130104
1 0.520229 0.138649 0.019876 0.024743
0 0.749113 0.184671 0.075380 0.102334
1 0.753393 0.124922 0.017548 0.017199
1 0.724089 0.137769 0.017448 0.020153
0 0.633853 0.324704 0.115852 0.138281
0 0.759937 0.140651 0.042492 0.044636
1 0.738857 0.145593 0.024712 0.026246
1 0.684777 0.368302 0.088332 0.082260
1 0.200597 0.260318 0.055512 0.054580
1 0.233357 0.229932 0.047668 0.048872
