0 0.039844 0.356250 0.079688 0.309375
0 0.414845 0.352344 0.176564 0.298438
0 0.500001 0.500000 0.262500 0.415625
0 0.940625 0.334376 0.118749 0.290626
0 0.217188 0.144532 0.087500 0.129688
0 0.282032 0.099219 0.060936 0.089062
0 0.762500 0.197657 0.084376 0.173437
0 0.444533 0.173438 0.101564 0.146875
0 0.829688 0.120313 0.046876 0.109375
0 0.789845 0.103125 0.051564 0.087500
0 0.709376 0.148438 0.062500 0.131249
0 0.664064 0.135156 0.056252 0.123437
1 0.417188 0.225782 0.043748 0.045313
0 0.639844 0.105470 0.051564 0.095312
1 0.959376 0.218751 0.046876 0.062501
1 0.494533 0.317969 0.060936 0.064062
0 0.497657 0.128125 0.042188 0.131249
1 0.699220 0.092969 0.020312 0.020313
1 0.484377 0.074219 0.015624 0.017188
1 0.757033 0.123438 0.023436 0.028125
1 0.277345 0.060938 0.017188 0.015624
1 0.209377 0.092188 0.021876 0.025000
1 0.792188 0.067969 0.018748 0.017188
1 0.826564 0.077345 0.018748 0.017188
0 0.464064 0.092969 0.028124 0.042188
1 0.439844 0.109376 0.029688 0.028125
1 0.474220 0.089063 0.014064 0.018749
1 0.659377 0.088282 0.015624 0.017188
0 0.960936 0.217187 0.065624 0.059375
0 0.486720 0.323438 0.079688 0.068751
1 0.642188 0.065625 0.015624 0.015624
1 0.461720 0.078125 0.017188 0.015624
