0 0.548077 0.720588 0.232260 0.419398
0 0.365709 0.655824 0.199668 0.310129
0 0.022213 0.531275 0.044427 0.094057
0 0.459705 0.549309 0.054460 0.119689
0 0.864205 0.635430 0.139696 0.273445
0 0.011203 0.556993 0.022405 0.141354
1 0.351989 0.526485 0.044284 0.048164
0 0.408365 0.529671 0.058664 0.090047
0 0.255789 0.566845 0.109204 0.164425
0 0.221937 0.546418 0.055192 0.115389
1 0.406821 0.491412 0.015328 0.016139
1 0.249633 0.499336 0.029772 0.026649
1 0.499325 0.499858 0.018880 0.018547
1 0.585765 0.502425 0.017664 0.021224
1 0.224953 0.498846 0.017928 0.022734
1 0.559385 0.493763 0.016820 0.016493
1 0.605253 0.493531 0.014264 0.014137
1 0.445405 0.499174 0.019356 0.020740
1 0.530477 0.540457 0.053032 0.060356
0 0.561409 0.516031 0.038048 0.059238
1 0.004500 0.495804 0.009001 0.019069
0 0.508825 0.555519 0.047960 0.120708
1 0.863585 0.523621 0.061408 0.057947
