0 0.499521 0.500531 0.179532 0.308205
0 0.850343 0.750281 0.299314 0.499439
0 0.657697 0.399238 0.103360 0.170734
0 0.738666 0.353136 0.079464 0.126533
0 0.938719 0.616268 0.122563 0.400574
0 0.553438 0.348977 0.068600 0.113913
1 0.990664 0.460276 0.018673 0.081700
1 0.906394 0.549315 0.092108 0.102935
1 0.658469 0.328329 0.024908 0.028823
0 0.927294 0.346066 0.054116 0.112304
1 0.548846 0.302171 0.018500 0.019332
1 0.953589 0.396981 0.050612 0.050112
1 0.742478 0.302825 0.024096 0.025632
1 0.942621 0.299630 0.019140 0.019026
1 0.989424 0.345863 0.021153 0.038284
1 0.961657 0.292923 0.018328 0.018072
1 0.492462 0.382534 0.054500 0.064784
1 0.507653 0.366419 0.035296 0.038738
