0 0.919199 0.678439 0.161602 0.330491
0 0.234369 0.819031 0.398616 0.361939
0 0.073041 0.490636 0.079464 0.126533
0 0.347593 0.753768 0.271560 0.400574
0 0.500241 0.499874 0.090388 0.130387
0 0.446833 0.471148 0.053060 0.098084
1 0.352152 0.597776 0.072900 0.081700
1 0.240769 0.686815 0.092108 0.102935
0 0.261669 0.483566 0.054116 0.112304
1 0.508876 0.447197 0.025368 0.025931
1 0.459717 0.430779 0.016768 0.017244
1 0.287965 0.534481 0.050612 0.050112
1 0.076853 0.440325 0.024096 0.025632
1 0.276996 0.437130 0.019140 0.019026
1 0.329204 0.483364 0.031964 0.038284
1 0.296032 0.430423 0.018328 0.018072
1 0.989725 0.543740 0.020550 0.072812
