0 0.502821 0.667072 0.198888 0.403819
0 0.264908 0.628123 0.159048 0.294460
0 0.721976 0.610769 0.126224 0.262834
0 0.165189 0.545408 0.059852 0.095265
0 0.389813 0.574501 0.092144 0.163568
0 0.959762 0.640003 0.080475 0.329994
0 0.321521 0.543334 0.036276 0.087158
0 0.225849 0.553436 0.075276 0.123422
1 0.253101 0.502744 0.039492 0.046042
0 0.053408 0.570293 0.104472 0.155306
1 0.161881 0.506733 0.015172 0.015836
1 0.389616 0.505142 0.021964 0.022984
0 0.364412 0.548070 0.048236 0.101862
1 0.367117 0.506767 0.017592 0.018875
1 0.311669 0.507032 0.014444 0.015559
1 0.048820 0.506247 0.021928 0.022320
1 0.008371 0.508121 0.016742 0.022768
1 0.034520 0.506499 0.022224 0.022369
1 0.280217 0.504604 0.014968 0.015381
0 0.018861 0.555700 0.037722 0.116390
1 0.216333 0.508180 0.018308 0.024181
1 0.499312 0.500505 0.080832 0.075598
1 0.983606 0.503500 0.032788 0.062782
1 0.722680 0.504818 0.057892 0.053356
