0 0.506551 0.721552 0.376372 0.540920
0 0.498711 0.224108 0.111240 0.168757
0 0.822531 0.276058 0.137020 0.197235
0 0.418019 0.158955 0.079648 0.116350
0 0.328179 0.303382 0.121008 0.225193
0 0.714991 0.510400 0.277580 0.418581
1 0.499883 0.499953 0.089316 0.097762
0 0.605571 0.163828 0.087508 0.130396
0 0.272623 0.355209 0.173428 0.284992
1 0.719779 0.268201 0.046384 0.053991
1 0.497119 0.154308 0.025096 0.028964
1 0.416127 0.112204 0.018520 0.020646
1 0.619075 0.108652 0.019104 0.021256
0 0.858667 0.134506 0.048476 0.093515
0 0.732599 0.388149 0.214924 0.300141
0 0.804459 0.147516 0.044116 0.100267
0 0.837019 0.159468 0.078360 0.122312
1 0.791939 0.189942 0.025368 0.025283
1 0.820947 0.110456 0.020280 0.024858
1 0.852463 0.096790 0.019584 0.020806
1 0.264971 0.247150 0.056560 0.058264
1 0.712303 0.364864 0.082848 0.070835
1 0.311563 0.211218 0.045580 0.050330
