0 0.567442 0.657012 0.200208 0.410238
0 0.338939 0.620411 0.185344 0.298213
0 0.814430 0.607008 0.131336 0.263221
0 0.509466 0.569705 0.090928 0.168588
0 0.122914 0.551858 0.065692 0.115587
0 0.167703 0.566762 0.107692 0.157334
0 0.448407 0.543628 0.037648 0.092891
1 0.333655 0.494445 0.041164 0.045133
1 0.400451 0.502644 0.018912 0.020299
1 0.158823 0.500041 0.030020 0.024208
0 0.415103 0.555438 0.054708 0.128268
1 0.500435 0.500383 0.025492 0.024154
1 0.291690 0.505479 0.015064 0.017150
1 0.123246 0.504266 0.016940 0.016830
1 0.136538 0.502977 0.018040 0.018477
1 0.562814 0.485731 0.077468 0.071105
1 0.814803 0.496051 0.058244 0.053856
