0 0.491709 0.633343 0.179532 0.308205
0 0.846437 0.816687 0.307127 0.366626
0 0.649885 0.532050 0.103360 0.170734
0 0.730853 0.485948 0.079464 0.126533
0 0.934812 0.749081 0.130375 0.400574
0 0.545625 0.481790 0.068600 0.113913
1 0.986757 0.593089 0.026485 0.081700
1 0.898581 0.682128 0.092108 0.102935
1 0.650657 0.461142 0.024908 0.028823
0 0.919481 0.478878 0.054116 0.112304
1 0.541033 0.434983 0.018500 0.019332
1 0.945777 0.529794 0.050612 0.050112
1 0.734665 0.435638 0.024096 0.025632
1 0.934809 0.432443 0.019140 0.019026
1 0.985517 0.478676 0.028965 0.038284
1 0.953845 0.425736 0.018328 0.018072
1 0.484649 0.515346 0.054500 0.064784
1 0.499841 0.499232 0.035296 0.038738
