0 0.036050 0.539593 0.072100 0.308205
0 0.382806 0.769812 0.398616 0.460376
0 0.140510 0.438300 0.103360 0.170734
0 0.221478 0.392198 0.079464 0.126533
0 0.496030 0.655331 0.271560 0.400574
0 0.648678 0.401437 0.090388 0.130387
0 0.595270 0.372711 0.053060 0.098084
0 0.036250 0.388040 0.068600 0.113913
1 0.500590 0.499339 0.072900 0.081700
1 0.389206 0.588378 0.092108 0.102935
1 0.141282 0.367392 0.024908 0.028823
0 0.410106 0.385128 0.054116 0.112304
1 0.657314 0.348760 0.025368 0.025931
1 0.608154 0.332341 0.016768 0.017244
1 0.031658 0.341233 0.018500 0.019332
1 0.436402 0.436044 0.050612 0.050112
1 0.225290 0.341888 0.024096 0.025632
1 0.425434 0.338693 0.019140 0.019026
1 0.477642 0.384926 0.031964 0.038284
1 0.444470 0.331986 0.018328 0.018072
1 0.004057 0.405482 0.008114 0.038738
