0 0.799998 0.620312 0.293752 0.443750
0 0.110937 0.634375 0.221874 0.512501
0 0.500002 0.500000 0.150000 0.162500
0 0.828125 0.710156 0.343750 0.579688
0 0.619530 0.502345 0.135936 0.167188
1 0.201562 0.431249 0.040624 0.034375
1 0.124218 0.431249 0.035936 0.028125
0 0.353906 0.486718 0.126564 0.129688
0 0.229686 0.525000 0.243748 0.225000
0 0.175782 0.510157 0.107812 0.185938
1 0.476562 0.435155 0.031248 0.032812
1 0.592186 0.432813 0.031248 0.025000
1 0.334374 0.434374 0.025000 0.021875
0 0.578125 0.720313 0.843750 0.559374
1 0.870313 0.374219 0.259374 0.376562
1 0.037498 0.430469 0.040624 0.032812
