0 0.708634 0.540374 0.217660 0.413960
0 0.500318 0.499853 0.191640 0.304904
0 0.062132 0.509922 0.124265 0.338276
0 0.960667 0.485797 0.078665 0.270511
0 0.605550 0.434030 0.066440 0.130572
0 0.318918 0.429426 0.062716 0.115461
0 0.362714 0.445680 0.099160 0.157226
1 0.596282 0.379744 0.018312 0.018907
0 0.103834 0.420314 0.050756 0.097438
0 0.081266 0.437144 0.072772 0.135506
1 0.346886 0.381186 0.030616 0.027713
1 0.321194 0.382941 0.016800 0.019130
1 0.054575 0.381816 0.023092 0.025288
1 0.087666 0.381960 0.017912 0.015919
1 0.538111 0.380954 0.015772 0.017356
0 0.556883 0.431955 0.050948 0.123084
0 0.668214 0.398131 0.074104 0.085142
1 0.663802 0.376843 0.016356 0.019858
1 0.699703 0.363960 0.084276 0.074603
1 0.979290 0.375734 0.041419 0.053550
1 0.490086 0.374058 0.053828 0.055719
1 0.003467 0.370116 0.006935 0.052159
