0 0.793798 0.578165 0.151400 0.310486
0 0.033451 0.497185 0.066901 0.112104
0 0.500561 0.499613 0.067820 0.114444
0 0.632442 0.532227 0.091992 0.191965
0 0.695861 0.500396 0.065208 0.113837
0 0.544702 0.522234 0.104908 0.167243
1 0.622397 0.450021 0.027988 0.028170
1 0.211330 0.448743 0.036964 0.038032
0 0.297689 0.524354 0.071512 0.166531
0 0.760486 0.510093 0.078036 0.147913
1 0.501730 0.451711 0.016708 0.016994
0 0.212718 0.555458 0.172304 0.259216
1 0.693885 0.453769 0.018520 0.018268
1 0.542385 0.454460 0.026932 0.030008
1 0.761226 0.453506 0.020092 0.027916
1 0.293185 0.449422 0.018104 0.019420
1 0.022942 0.451722 0.021512 0.018886
1 0.254926 0.453033 0.018600 0.022518
1 0.277121 0.451330 0.021972 0.024356
1 0.786809 0.447980 0.053472 0.051242
