0 0.315624 0.548748 0.080680 0.112104
0 0.789624 0.551175 0.067820 0.114444
0 0.921504 0.583789 0.091992 0.191965
0 0.976160 0.551958 0.047680 0.113837
0 0.833764 0.573797 0.104908 0.167243
1 0.911460 0.501583 0.027988 0.028170
1 0.500392 0.500305 0.036964 0.038032
0 0.586752 0.575916 0.071512 0.166531
1 0.790792 0.503273 0.016708 0.016994
0 0.501780 0.607020 0.172304 0.259216
1 0.982948 0.505332 0.018520 0.018268
1 0.831448 0.506022 0.026932 0.030008
1 0.582248 0.500985 0.018104 0.019420
1 0.155376 0.502704 0.040712 0.032789
1 0.312004 0.503284 0.021512 0.018886
1 0.543988 0.504596 0.018600 0.022518
1 0.566184 0.502893 0.021972 0.024356
0 0.272783 0.750319 0.545566 0.499362
1 0.034867 0.434263 0.069734 0.359638
