0 0.369765 0.688893 0.367760 0.622213
1 0.371872 0.424344 0.090952 0.094018
0 0.630964 0.529482 0.113588 0.222003
0 0.177417 0.521116 0.124040 0.200108
1 0.628164 0.435699 0.032296 0.032967
1 0.176013 0.436604 0.030716 0.032440
1 0.590213 0.438924 0.017364 0.021976
0 0.590677 0.488730 0.061628 0.121813
1 0.482524 0.436674 0.022864 0.024138
1 0.156573 0.441484 0.018204 0.025407
0 0.534944 0.479914 0.041644 0.100460
0 0.499624 0.500043 0.062176 0.151448
1 0.524396 0.438318 0.017620 0.017359
1 0.191752 0.435083 0.014480 0.019204
