0 0.078799 0.863087 0.157597 0.273825
0 0.615579 0.634869 0.092752 0.187033
0 0.208667 0.628572 0.088608 0.179384
0 0.858583 0.717449 0.124480 0.251766
0 0.508315 0.759544 0.146008 0.292441
0 0.249587 0.540743 0.058196 0.110243
0 0.499587 0.547686 0.058220 0.119761
0 0.089539 0.566724 0.078512 0.133389
0 0.361715 0.518848 0.049224 0.093125
0 0.320115 0.555879 0.051180 0.128333
1 0.024742 0.770185 0.049485 0.085016
0 0.039547 0.553860 0.047040 0.120406
0 0.357763 0.716232 0.135176 0.253498
1 0.615519 0.554630 0.026268 0.027954
1 0.342731 0.607183 0.035512 0.040653
1 0.322375 0.501978 0.017100 0.018374
1 0.085483 0.511961 0.025500 0.023873
1 0.041567 0.503332 0.021036 0.021181
0 0.196147 0.518023 0.048104 0.088731
1 0.358731 0.480481 0.015812 0.015831
1 0.500063 0.499525 0.021552 0.023143
1 0.247307 0.496114 0.021696 0.022334
1 0.202087 0.552193 0.026144 0.029396
1 0.195947 0.483132 0.017028 0.016619
1 0.865975 0.609188 0.051256 0.051563
1 0.506751 0.638890 0.059304 0.046753
