0 0.614405 0.795037 0.276552 0.409927
0 0.223577 0.512618 0.105876 0.157140
0 0.943501 0.479741 0.062876 0.123039
0 0.664536 0.550742 0.102996 0.187349
0 0.758837 0.487222 0.061208 0.130194
0 0.499305 0.499609 0.086328 0.140618
0 0.599001 0.461370 0.058584 0.105048
0 0.782613 0.455729 0.047876 0.096372
1 0.596008 0.634235 0.091388 0.090594
0 0.441020 0.489655 0.066676 0.128756
0 0.986720 0.651504 0.026559 0.302479
1 0.492576 0.441624 0.029384 0.025511
1 0.206020 0.447454 0.027660 0.025897
1 0.435056 0.436008 0.021704 0.021656
1 0.776385 0.416856 0.016244 0.016452
1 0.753853 0.433726 0.020260 0.023155
1 0.596385 0.419196 0.020284 0.020191
1 0.942653 0.429717 0.023756 0.021620
1 0.664256 0.430009 0.025460 0.023141
0 0.866204 0.619653 0.136104 0.265374
0 0.670788 0.454532 0.062804 0.073168
1 0.652964 0.465325 0.033296 0.036103
1 0.852392 0.507295 0.046776 0.047446
