0 0.401098 0.659033 0.184664 0.386273
0 0.693986 0.679278 0.216640 0.450862
0 0.502106 0.559691 0.080060 0.142961
0 0.155722 0.558631 0.084476 0.141518
0 0.265346 0.565653 0.080100 0.156661
0 0.116654 0.608642 0.145436 0.263632
0 0.293870 0.547624 0.044740 0.111094
1 0.102890 0.497800 0.041980 0.041296
1 0.257526 0.499893 0.024448 0.025231
1 0.290318 0.501216 0.017900 0.019465
1 0.056822 0.499013 0.021724 0.020284
1 0.499226 0.499767 0.026492 0.025625
0 0.046482 0.549417 0.041588 0.121912
1 0.142190 0.501022 0.030732 0.029588
1 0.695870 0.493955 0.094216 0.086173
1 0.391390 0.497291 0.070472 0.067678
