0 0.764895 0.759559 0.295856 0.480883
0 0.262571 0.519247 0.117792 0.164308
0 0.669027 0.474366 0.065268 0.105741
0 0.500439 0.499670 0.071228 0.135873
0 0.845231 0.495595 0.065812 0.136508
0 0.960126 0.600474 0.079747 0.274615
0 0.568471 0.507038 0.095840 0.152435
1 0.242331 0.451105 0.030448 0.028451
0 0.867727 0.471299 0.039016 0.096968
1 0.558771 0.447065 0.030276 0.029489
1 0.750703 0.572466 0.097324 0.108529
1 0.855871 0.430450 0.014336 0.015849
1 0.663775 0.432066 0.020544 0.020448
1 0.493831 0.442846 0.026260 0.023706
1 0.741399 0.436647 0.024528 0.019825
1 0.839791 0.438080 0.019900 0.021413
0 0.755295 0.493693 0.110540 0.104405
1 0.975151 0.485737 0.048620 0.050432
