0 0.437706 0.856747 0.260268 0.286505
0 0.150378 0.592233 0.095192 0.145989
0 0.957333 0.638955 0.085335 0.189180
0 0.541497 0.637195 0.093952 0.185929
0 0.717981 0.717104 0.132920 0.254511
0 0.349842 0.569009 0.057144 0.124619
0 0.876877 0.754038 0.140604 0.296942
0 0.823446 0.561105 0.059788 0.118145
1 0.419738 0.756367 0.087876 0.084427
0 0.562093 0.550825 0.064280 0.107903
0 0.403402 0.581465 0.080960 0.136609
0 0.502134 0.537493 0.050660 0.101421
1 0.705646 0.609646 0.036848 0.040984
1 0.958141 0.559303 0.027020 0.029592
0 0.673093 0.533551 0.045656 0.095744
1 0.394985 0.525071 0.025912 0.023117
1 0.345961 0.518074 0.020000 0.021787
1 0.558446 0.509794 0.024916 0.021820
1 0.135654 0.532282 0.026224 0.024842
1 0.821418 0.512885 0.022352 0.021836
1 0.669050 0.495396 0.015952 0.016265
1 0.500530 0.499416 0.017656 0.019568
1 0.535305 0.558913 0.026324 0.031862
0 0.641285 0.567967 0.056256 0.127744
1 0.879854 0.632052 0.060104 0.053174
