0 0.500347 0.500658 0.289068 0.525823
0 0.308887 0.459177 0.210468 0.409214
0 0.817927 0.397532 0.137464 0.254617
0 0.733199 0.348376 0.061944 0.138901
0 0.605067 0.328832 0.058172 0.089530
1 0.303051 0.288267 0.065380 0.068816
1 0.488411 0.291583 0.091632 0.108394
1 0.258351 0.286332 0.030004 0.032103
1 0.814167 0.288260 0.036584 0.039902
1 0.187419 0.289315 0.018476 0.020792
1 0.600435 0.292348 0.014912 0.015741
0 0.201335 0.357396 0.053496 0.158243
1 0.739755 0.293089 0.022088 0.026111
1 0.218923 0.290915 0.028252 0.027626
