0 0.506937 0.706130 0.276340 0.518011
0 0.293057 0.668049 0.217732 0.410380
0 0.774713 0.604252 0.130056 0.252220
0 0.669709 0.557230 0.075312 0.140569
0 0.175997 0.603046 0.078080 0.249982
1 0.279121 0.494941 0.062212 0.065615
1 0.500145 0.499258 0.098992 0.106414
0 0.114129 0.566572 0.065408 0.165517
1 0.127041 0.501839 0.033248 0.032654
0 0.078965 0.562179 0.050068 0.148628
1 0.768949 0.497103 0.035780 0.039355
1 0.090409 0.498694 0.024516 0.022907
1 0.668189 0.500005 0.024640 0.024928
0 0.363125 0.556179 0.064184 0.134384
1 0.193301 0.498077 0.047308 0.047765
