0 0.500048 0.500040 0.151400 0.310486
0 0.206811 0.421488 0.067820 0.114444
0 0.338692 0.454102 0.091992 0.191965
0 0.402111 0.422271 0.065208 0.113837
0 0.250952 0.444109 0.104908 0.167243
1 0.328647 0.371896 0.027988 0.028170
0 0.019848 0.446229 0.039695 0.166531
0 0.466736 0.431968 0.078036 0.147913
1 0.207980 0.373586 0.016708 0.016994
0 0.002560 0.477333 0.005119 0.259216
1 0.400135 0.375644 0.018520 0.018268
1 0.248635 0.376335 0.026932 0.030008
1 0.467476 0.375381 0.020092 0.027916
1 0.004244 0.371297 0.008488 0.019420
1 0.493059 0.369855 0.053472 0.051242
