0 0.403760 0.718209 0.374560 0.563582
0 0.221788 0.549271 0.079092 0.118744
0 0.791657 0.580233 0.093008 0.184768
0 0.865137 0.548729 0.051156 0.110950
0 0.301525 0.529487 0.051836 0.071951
1 0.786100 0.500215 0.027076 0.028107
0 0.723180 0.557664 0.082436 0.138877
1 0.724657 0.500694 0.021180 0.022385
0 0.835157 0.542859 0.033900 0.097868
1 0.222716 0.501405 0.021620 0.020687
0 0.321209 0.650582 0.206764 0.373100
1 0.821865 0.502330 0.012952 0.015518
1 0.859548 0.501699 0.019276 0.019424
1 0.667372 0.502186 0.022784 0.019607
1 0.303693 0.499402 0.014620 0.014128
1 0.500176 0.500505 0.015872 0.016850
1 0.677601 0.500437 0.017564 0.017231
0 0.673661 0.551607 0.068968 0.124783
1 0.420637 0.482179 0.122644 0.093645
