0 0.518770 0.666037 0.214244 0.399065
0 0.786386 0.694158 0.205884 0.475013
0 0.878038 0.604709 0.119288 0.245236
0 0.093194 0.574323 0.127936 0.177435
0 0.337354 0.561712 0.089240 0.142564
1 0.792158 0.499603 0.081052 0.090184
0 0.673566 0.562522 0.060440 0.141881
1 0.080622 0.504260 0.038556 0.036979
1 0.252078 0.500093 0.042208 0.040421
1 0.014890 0.503511 0.029520 0.027441
0 0.268142 0.611599 0.150568 0.258784
1 0.439538 0.502035 0.024276 0.023830
1 0.330638 0.504240 0.031232 0.029299
0 0.029778 0.572068 0.059556 0.164200
1 0.681574 0.504217 0.026672 0.025328
0 0.028863 0.685582 0.057726 0.628837
0 0.429286 0.568412 0.047508 0.155270
1 0.500406 0.500601 0.072312 0.072706
1 0.873930 0.500316 0.044620 0.051406
