0 0.124942 0.665949 0.249883 0.562498
0 0.861524 0.654388 0.276953 0.524236
0 0.499308 0.500484 0.103196 0.147359
0 0.970708 0.656326 0.058585 0.687347
0 0.992942 0.497602 0.014116 0.134044
1 0.887924 0.430414 0.075428 0.079312
0 0.788211 0.515813 0.126516 0.186797
1 0.784119 0.438508 0.029004 0.030931
1 0.495655 0.439765 0.028224 0.026093
1 0.807088 0.437985 0.017548 0.019157
0 0.974072 0.451236 0.032516 0.039355
1 0.972931 0.440595 0.014308 0.015642
1 0.568812 0.439725 0.018872 0.015723
0 0.570715 0.478224 0.062752 0.096273
1 0.041278 0.422771 0.082555 0.083639
