0 0.500057 0.500723 0.158020 0.288146
0 0.602517 0.451439 0.103816 0.165330
0 0.141737 0.635268 0.283473 0.729463
0 0.910557 0.448438 0.096008 0.158551
1 0.128241 0.375065 0.110092 0.107183
0 0.211633 0.613300 0.326156 0.596360
1 0.031949 0.375387 0.063897 0.239974
0 0.845449 0.437928 0.062156 0.136458
1 0.597557 0.383136 0.030980 0.031585
1 0.303565 0.382193 0.026772 0.028539
1 0.853825 0.382358 0.023212 0.025814
1 0.908021 0.381923 0.023208 0.026420
0 0.315365 0.434312 0.110800 0.134008
1 0.495145 0.380319 0.055952 0.054418
