0 0.781340 0.572403 0.226228 0.444260
0 0.122957 0.606270 0.245914 0.535817
0 0.338980 0.436356 0.060084 0.100204
0 0.251580 0.453421 0.082328 0.140353
1 0.093216 0.391786 0.090656 0.102524
1 0.245892 0.395303 0.021572 0.023398
0 0.174988 0.431686 0.077180 0.090932
1 0.182820 0.395429 0.026132 0.025771
1 0.458640 0.393359 0.022160 0.022979
0 0.444536 0.451173 0.049008 0.134833
1 0.335852 0.395620 0.015908 0.017422
1 0.158688 0.395976 0.018312 0.019580
0 0.500076 0.500526 0.144820 0.254178
1 0.796948 0.388735 0.078952 0.080608
1 0.500148 0.391464 0.050144 0.050040
