0 0.499270 0.500603 0.295856 0.525472
0 0.403402 0.193116 0.065268 0.105741
0 0.234814 0.218420 0.071228 0.135873
0 0.774566 0.207408 0.065156 0.123808
0 0.579606 0.214345 0.065812 0.136508
0 0.916038 0.344303 0.132128 0.311960
0 0.716010 0.319224 0.122764 0.274615
0 0.302846 0.225788 0.095840 0.152435
0 0.602102 0.190049 0.039016 0.096968
1 0.293146 0.165815 0.030276 0.029489
1 0.952390 0.176702 0.025616 0.027241
1 0.485078 0.291216 0.097324 0.108529
1 0.590246 0.149200 0.014336 0.015849
0 0.950590 0.258168 0.087056 0.185461
1 0.773214 0.156632 0.023736 0.021663
1 0.398150 0.150816 0.020544 0.020448
1 0.228206 0.161596 0.026260 0.023706
1 0.475774 0.155397 0.024528 0.019825
1 0.574166 0.156830 0.019900 0.021413
0 0.489670 0.212443 0.110540 0.104405
1 0.709526 0.204487 0.048620 0.050432
1 0.927030 0.210079 0.064684 0.060910
