0 0.499536 0.499658 0.184664 0.386273
0 0.792424 0.519903 0.216640 0.450862
0 0.600544 0.400316 0.080060 0.142961
0 0.254159 0.399256 0.084476 0.141518
0 0.363783 0.406278 0.080100 0.156661
0 0.215091 0.449267 0.145436 0.263632
0 0.392307 0.388249 0.044740 0.111094
1 0.201328 0.338425 0.041980 0.041296
1 0.355963 0.340518 0.024448 0.025231
1 0.388755 0.341840 0.017900 0.019465
1 0.007777 0.342275 0.015553 0.035464
1 0.155260 0.339638 0.021724 0.020284
1 0.597664 0.340392 0.026492 0.025625
0 0.144919 0.390042 0.041588 0.121912
1 0.240627 0.341647 0.030732 0.029588
1 0.794308 0.334580 0.094216 0.086173
1 0.489827 0.337916 0.070472 0.067678
