0 0.460337 0.767013 0.154308 0.295672
0 0.594494 0.638317 0.098596 0.189922
0 0.368277 0.521385 0.050436 0.091114
0 0.253246 0.543162 0.061476 0.114487
0 0.090974 0.567478 0.079996 0.133925
0 0.315570 0.719349 0.135400 0.255733
0 0.499229 0.550697 0.061904 0.122393
0 0.822186 0.726780 0.131700 0.258363
0 0.191794 0.628593 0.089268 0.182867
0 0.321886 0.555227 0.056604 0.121399
0 0.042113 0.554757 0.039840 0.121653
1 0.593762 0.558512 0.026412 0.029900
1 0.306118 0.610831 0.037612 0.036873
0 0.204454 0.522820 0.044320 0.088497
1 0.185898 0.550864 0.023844 0.026933
1 0.049153 0.504125 0.018712 0.019658
1 0.321769 0.506438 0.020300 0.022527
1 0.250169 0.498041 0.023340 0.020603
1 0.087237 0.514421 0.023992 0.024030
1 0.207230 0.485751 0.016808 0.017474
1 0.499414 0.500689 0.019572 0.019876
1 0.366462 0.483594 0.014776 0.015656
1 0.830809 0.615266 0.052920 0.053338
1 0.458769 0.642597 0.061200 0.048942
