0 0.496119 0.724701 0.321144 0.524236
0 0.111808 0.570796 0.103196 0.147359
0 0.776958 0.691483 0.446085 0.617035
0 0.818823 0.597544 0.099856 0.215357
0 0.699055 0.571530 0.074808 0.147393
1 0.500424 0.500727 0.075428 0.079312
0 0.400711 0.586125 0.126516 0.186797
1 0.929220 0.479091 0.141561 0.189317
1 0.813307 0.506991 0.033204 0.032612
1 0.692527 0.509713 0.023120 0.023065
1 0.396619 0.508820 0.029004 0.030931
1 0.108155 0.510078 0.028224 0.026093
1 0.419588 0.508298 0.017548 0.019157
0 0.586572 0.521548 0.032516 0.039355
1 0.585431 0.510908 0.014308 0.015642
1 0.181311 0.510037 0.018872 0.015723
0 0.183215 0.548537 0.062752 0.096273
