0 0.115786 0.656853 0.231573 0.525472
0 0.358941 0.363658 0.065156 0.123808
0 0.843685 0.460723 0.103332 0.254052
0 0.163981 0.370595 0.065812 0.136508
0 0.500413 0.500553 0.132128 0.311960
0 0.300385 0.475474 0.122764 0.274615
0 0.186477 0.346299 0.039016 0.096968
1 0.850313 0.351497 0.029148 0.037242
1 0.536765 0.332952 0.025616 0.027241
1 0.069453 0.447466 0.097324 0.108529
1 0.174621 0.305450 0.014336 0.015849
0 0.534965 0.414418 0.087056 0.185461
1 0.357589 0.312882 0.023736 0.021663
1 0.060149 0.311647 0.024528 0.019825
1 0.158541 0.313080 0.019900 0.021413
0 0.074045 0.368693 0.110540 0.104405
1 0.293901 0.360737 0.048620 0.050432
1 0.511405 0.366329 0.064684 0.060910
