0 0.744848 0.599658 0.184664 0.386273
0 0.262828 0.671791 0.525656 0.656418
0 0.964708 0.619903 0.070584 0.450862
0 0.845856 0.500316 0.080060 0.142961
0 0.258636 0.508936 0.104788 0.166979
0 0.499472 0.499256 0.084476 0.141518
0 0.609096 0.506278 0.080100 0.156661
0 0.460404 0.549267 0.145436 0.263632
0 0.637620 0.488249 0.044740 0.111094
1 0.446640 0.438425 0.041980 0.041296
1 0.113317 0.432760 0.226634 0.223092
1 0.601276 0.440518 0.024448 0.025231
1 0.634068 0.441840 0.017900 0.019465
1 0.239992 0.442275 0.041748 0.035464
1 0.400572 0.439638 0.021724 0.020284
1 0.842976 0.440392 0.026492 0.025625
0 0.390232 0.490042 0.041588 0.121912
1 0.485940 0.441647 0.030732 0.029588
1 0.996256 0.434580 0.007488 0.086173
1 0.735140 0.437916 0.070472 0.067678
