0 0.780500 0.670328 0.305240 0.595429
0 0.933269 0.567380 0.133462 0.300778
0 0.054990 0.526875 0.109980 0.185773
0 0.500240 0.500262 0.073860 0.113157
0 0.400080 0.518264 0.109840 0.165796
0 0.615852 0.538589 0.072816 0.216909
1 0.769328 0.429022 0.113752 0.119286
1 0.625324 0.446561 0.031160 0.035516
0 0.575200 0.506630 0.046148 0.129924
1 0.014405 0.450217 0.028810 0.030260
1 0.304728 0.450251 0.028144 0.024840
1 0.587024 0.450145 0.021032 0.020833
1 0.494536 0.456261 0.023788 0.022925
1 0.387996 0.451957 0.036556 0.032827
0 0.316704 0.512277 0.093368 0.152973
1 0.923380 0.442115 0.057436 0.056399
