0 0.949346 0.687039 0.101309 0.621839
0 0.207479 0.516266 0.153296 0.192814
0 0.500571 0.500284 0.093324 0.154199
0 0.842031 0.529435 0.114828 0.224390
0 0.684871 0.485047 0.076108 0.117023
0 0.588803 0.506886 0.115592 0.169650
1 0.992822 0.431371 0.014357 0.121084
1 0.833123 0.435133 0.034560 0.035003
1 0.184175 0.437350 0.039544 0.032935
1 0.488663 0.437017 0.028564 0.025245
0 0.770747 0.493179 0.052736 0.137641
1 0.577395 0.438447 0.035824 0.032873
1 0.781163 0.436710 0.026444 0.025339
1 0.677915 0.437941 0.024452 0.023321
0 0.895271 0.502120 0.045524 0.151153
1 0.902331 0.436756 0.018836 0.021137
