0 0.167887 0.737971 0.263796 0.454842
0 0.757767 0.419244 0.092752 0.187033
0 0.350854 0.412947 0.088608 0.179384
0 0.969265 0.501824 0.061469 0.251766
0 0.650502 0.543919 0.146008 0.292441
0 0.391775 0.325118 0.058196 0.110243
0 0.641775 0.332062 0.058220 0.119761
0 0.231726 0.351099 0.078512 0.133389
0 0.503902 0.303223 0.049224 0.093125
0 0.462303 0.340254 0.051180 0.128333
1 0.148130 0.554560 0.087084 0.085016
0 0.181734 0.338235 0.047040 0.120406
0 0.499950 0.500607 0.135176 0.253498
1 0.757707 0.339005 0.026268 0.027954
1 0.484919 0.391558 0.035512 0.040653
1 0.464562 0.286353 0.017100 0.018374
1 0.227670 0.296336 0.025500 0.023873
1 0.183755 0.287707 0.021036 0.021181
0 0.338335 0.302397 0.048104 0.088731
1 0.500919 0.264856 0.015812 0.015831
1 0.642251 0.283900 0.021552 0.023143
1 0.389494 0.280489 0.021696 0.022334
1 0.344275 0.336568 0.026144 0.029396
1 0.338134 0.267507 0.017028 0.016619
1 0.991267 0.393563 0.017466 0.051563
1 0.648938 0.423265 0.059304 0.046753
