0 0.911596 0.711307 0.176807 0.577386
0 0.231137 0.576875 0.148312 0.185773
0 0.695553 0.550262 0.073860 0.113157
0 0.595392 0.568264 0.109840 0.165796
0 0.811164 0.588588 0.072816 0.216909
1 0.953882 0.479022 0.092235 0.119286
1 0.820636 0.496561 0.031160 0.035516
0 0.770512 0.556629 0.046148 0.129924
1 0.205389 0.500217 0.037468 0.030260
1 0.500041 0.500251 0.028144 0.024840
1 0.782337 0.500146 0.021032 0.020833
1 0.689849 0.506261 0.023788 0.022925
1 0.583309 0.501957 0.036556 0.032827
0 0.512016 0.562277 0.093368 0.152973
