0 0.691640 0.671380 0.367760 0.630936
0 0.176868 0.480537 0.114988 0.157909
1 0.693747 0.402469 0.090952 0.094018
0 0.948023 0.507607 0.103955 0.222003
0 0.499291 0.499241 0.124040 0.200108
1 0.950039 0.413824 0.032296 0.032967
1 0.171507 0.416005 0.030120 0.028177
1 0.497888 0.414729 0.030716 0.032440
1 0.912088 0.417049 0.017364 0.021976
0 0.912551 0.466855 0.061628 0.121813
1 0.804399 0.414799 0.022864 0.024138
1 0.478448 0.419609 0.018204 0.025407
0 0.821499 0.478168 0.062176 0.151448
0 0.250699 0.456732 0.065916 0.101495
1 0.246612 0.416200 0.020636 0.018092
1 0.513627 0.413208 0.014480 0.019204
