0 0.097036 0.780652 0.194073 0.438695
0 0.321441 0.530846 0.065156 0.123808
0 0.806185 0.627911 0.103332 0.254052
0 0.126481 0.537782 0.065812 0.136508
0 0.462913 0.667740 0.132128 0.311960
0 0.262885 0.642661 0.122764 0.274615
0 0.148977 0.513487 0.039016 0.096968
1 0.812813 0.518684 0.029148 0.037242
1 0.499265 0.500140 0.025616 0.027241
1 0.040308 0.614653 0.080615 0.108529
1 0.137121 0.472638 0.014336 0.015849
0 0.497465 0.581605 0.087056 0.185461
1 0.320089 0.480070 0.023736 0.021663
1 0.022649 0.478834 0.024528 0.019825
1 0.121041 0.480268 0.019900 0.021413
0 0.045907 0.535881 0.091815 0.104405
1 0.256401 0.527925 0.048620 0.050432
1 0.473905 0.533516 0.064684 0.060910
