0 0.347669 0.668320 0.324844 0.568278
0 0.499873 0.500596 0.072668 0.151256
0 0.630289 0.525366 0.109092 0.221299
0 0.549489 0.478598 0.045812 0.097969
0 0.197973 0.516299 0.119296 0.190199
1 0.493373 0.435431 0.022532 0.022919
1 0.628322 0.433913 0.031880 0.033790
0 0.601385 0.486223 0.059656 0.120445
1 0.212226 0.434129 0.017936 0.021758
1 0.541489 0.439056 0.016376 0.015761
1 0.602461 0.438152 0.019032 0.023978
0 0.444333 0.454761 0.039844 0.054252
1 0.195330 0.435767 0.024812 0.027589
1 0.424610 0.438321 0.020768 0.025745
1 0.178161 0.438271 0.018040 0.026525
0 0.792299 0.652137 0.415402 0.695727
1 0.922339 0.436782 0.155322 0.309686
1 0.342654 0.426526 0.091128 0.092662
