0 0.713790 0.559216 0.218064 0.406791
0 0.929949 0.589535 0.140101 0.490705
0 0.350731 0.466215 0.123204 0.177084
0 0.500559 0.500750 0.150560 0.260883
1 0.692010 0.389069 0.065612 0.066242
0 0.272670 0.460677 0.062444 0.160562
0 0.584267 0.451680 0.065880 0.141512
1 0.338967 0.394890 0.038860 0.034825
1 0.484463 0.391422 0.041184 0.041589
1 0.281095 0.393009 0.028540 0.025094
1 0.745262 0.394422 0.018592 0.018684
0 0.752691 0.422927 0.059904 0.076617
1 0.527971 0.395454 0.022108 0.024550
0 0.530206 0.441136 0.059492 0.117632
1 0.590630 0.395738 0.027752 0.029983
1 0.961154 0.387483 0.077692 0.095773
