0 0.908949 0.591037 0.182102 0.399065
0 0.499444 0.499323 0.127936 0.177435
0 0.743604 0.486712 0.089240 0.142564
1 0.486872 0.429260 0.038556 0.036979
1 0.658328 0.425093 0.042208 0.040421
1 0.421140 0.428511 0.029520 0.027441
0 0.674392 0.536598 0.150568 0.258784
1 0.845788 0.427035 0.024276 0.023830
1 0.736888 0.429240 0.031232 0.029299
0 0.422996 0.497068 0.085620 0.164200
1 0.050167 0.420606 0.100334 0.280251
0 0.231988 0.648082 0.463976 0.703836
0 0.109192 0.503749 0.107220 0.185497
0 0.835536 0.493412 0.047508 0.155270
1 0.906656 0.425601 0.072312 0.072706
