0 0.224270 0.765027 0.295856 0.469945
0 0.128402 0.485303 0.065268 0.105741
0 0.499566 0.499596 0.065156 0.123808
0 0.966322 0.596661 0.067356 0.254052
0 0.304606 0.506532 0.065812 0.136508
0 0.641038 0.636490 0.132128 0.311960
0 0.441010 0.611411 0.122764 0.274615
0 0.037883 0.517976 0.075766 0.152435
0 0.327102 0.482237 0.039016 0.096968
1 0.988182 0.487434 0.023636 0.037242
1 0.018146 0.458002 0.030276 0.029489
1 0.677390 0.468890 0.025616 0.027241
1 0.210078 0.583403 0.097324 0.108529
1 0.315246 0.441388 0.014336 0.015849
0 0.675590 0.550355 0.087056 0.185461
1 0.498214 0.448820 0.023736 0.021663
1 0.123150 0.443003 0.020544 0.020448
1 0.200774 0.447584 0.024528 0.019825
1 0.299166 0.449018 0.019900 0.021413
0 0.214670 0.504631 0.110540 0.104405
1 0.434526 0.496675 0.048620 0.050432
1 0.652030 0.502266 0.064684 0.060910
