0 0.666255 0.379961 0.102156 0.192512
0 0.187007 0.309232 0.074732 0.131472
0 0.271882 0.366807 0.097096 0.180401
0 0.467638 0.267913 0.052096 0.091962
0 0.347726 0.286174 0.060820 0.114975
0 0.592930 0.295390 0.064696 0.122589
0 0.142302 0.297811 0.041312 0.121255
0 0.306042 0.269657 0.042432 0.091498
0 0.368154 0.453826 0.139176 0.251746
1 0.357702 0.346845 0.036052 0.038599
0 0.413659 0.300738 0.064224 0.122540
1 0.262931 0.291702 0.026340 0.030836
0 0.500079 0.499926 0.159272 0.303235
1 0.664631 0.299125 0.025744 0.029669
1 0.183114 0.256386 0.024940 0.024415
0 0.876743 0.465742 0.141724 0.268243
1 0.415030 0.250442 0.019380 0.022901
1 0.148623 0.248216 0.018508 0.020806
1 0.346638 0.242470 0.024040 0.020835
1 0.466583 0.229715 0.016296 0.016385
1 0.308462 0.231634 0.017896 0.016610
1 0.591723 0.245775 0.021120 0.021004
1 0.886230 0.353618 0.055632 0.054713
1 0.495515 0.375886 0.059968 0.050258
