0 0.322747 0.459371 0.095496 0.179723
0 0.374147 0.430801 0.047136 0.110318
0 0.438523 0.441254 0.074116 0.137594
0 0.499499 0.500227 0.145252 0.282593
1 0.314691 0.382397 0.026500 0.027122
0 0.248635 0.403441 0.060072 0.066690
0 0.210563 0.626341 0.421127 0.747317
1 0.362519 0.385740 0.016500 0.017874
0 0.008258 0.482886 0.016517 0.248301
1 0.231579 0.383830 0.022536 0.025814
1 0.247531 0.383060 0.017488 0.016146
1 0.434331 0.386100 0.024744 0.026804
1 0.078559 0.349387 0.157117 0.232364
1 0.497279 0.381980 0.050376 0.050351
