0 0.707156 0.657351 0.301304 0.621839
0 0.824592 0.531527 0.148620 0.308212
0 0.158383 0.470597 0.093324 0.154199
0 0.499844 0.499748 0.114828 0.224390
0 0.342684 0.455360 0.076108 0.117023
0 0.246616 0.477198 0.115592 0.169650
1 0.699360 0.401684 0.111808 0.121084
1 0.490935 0.405446 0.034560 0.035003
1 0.146476 0.407329 0.028564 0.025245
0 0.428560 0.463491 0.052736 0.137641
1 0.235207 0.408760 0.035824 0.032873
1 0.438976 0.407023 0.026444 0.025339
1 0.335727 0.408254 0.024452 0.023321
0 0.553083 0.472433 0.045524 0.151153
1 0.560144 0.407068 0.018836 0.021137
1 0.779947 0.406265 0.017652 0.022889
1 0.811011 0.404836 0.055016 0.057748
