0 0.610473 0.657470 0.184664 0.386273
0 0.195641 0.700697 0.391281 0.598606
0 0.897520 0.677716 0.204959 0.450862
0 0.711481 0.558128 0.080060 0.142961
0 0.124261 0.566748 0.104788 0.166979
0 0.365097 0.557068 0.084476 0.141518
0 0.474721 0.564091 0.080100 0.156661
0 0.326029 0.607079 0.145436 0.263632
0 0.503245 0.546061 0.044740 0.111094
1 0.312265 0.496237 0.041980 0.041296
1 0.046130 0.490572 0.092259 0.223092
1 0.466901 0.498330 0.024448 0.025231
1 0.499693 0.499653 0.017900 0.019465
1 0.105617 0.500087 0.041748 0.035464
1 0.266197 0.497450 0.021724 0.020284
1 0.708601 0.498204 0.026492 0.025625
0 0.255857 0.547855 0.041588 0.121912
1 0.351565 0.499460 0.030732 0.029588
1 0.905245 0.492392 0.094216 0.086173
1 0.600765 0.495729 0.070472 0.067678
