0 0.985342 0.496700 0.029317 0.295672
0 0.521553 0.686103 0.273488 0.452765
0 0.450242 0.306303 0.082760 0.138582
0 0.955777 0.251072 0.050436 0.091114
0 0.840746 0.272850 0.061476 0.114487
0 0.678474 0.297166 0.079996 0.133925
0 0.903070 0.449036 0.135400 0.255733
0 0.779293 0.358280 0.089268 0.182867
0 0.909386 0.284914 0.056604 0.121399
0 0.629613 0.284444 0.039840 0.121653
1 0.499401 0.500759 0.088532 0.082507
1 0.437425 0.248309 0.023360 0.023081
1 0.893618 0.340519 0.037612 0.036873
0 0.791954 0.252507 0.044320 0.088497
1 0.773398 0.280551 0.023844 0.026933
1 0.636653 0.233812 0.018712 0.019658
1 0.909269 0.236125 0.020300 0.022527
1 0.837669 0.227728 0.023340 0.020603
1 0.674737 0.244108 0.023992 0.024030
1 0.794730 0.215439 0.016808 0.017474
1 0.953962 0.213281 0.014776 0.015656
