0 0.500020 0.500412 0.214244 0.399065
0 0.767636 0.528533 0.205884 0.475013
0 0.859288 0.439084 0.119288 0.245236
0 0.074444 0.408698 0.127936 0.177435
0 0.318604 0.396087 0.089240 0.142564
1 0.773408 0.333978 0.081052 0.090184
0 0.654816 0.396896 0.060440 0.141881
1 0.061872 0.338635 0.038556 0.036979
1 0.233328 0.334468 0.042208 0.040421
0 0.249392 0.445974 0.150568 0.258784
1 0.420788 0.336410 0.024276 0.023830
1 0.311888 0.338615 0.031232 0.029299
0 0.020403 0.406443 0.040806 0.164200
1 0.662824 0.338592 0.026672 0.025328
0 0.410536 0.402787 0.047508 0.155270
1 0.481656 0.334976 0.072312 0.072706
1 0.855180 0.334691 0.044620 0.051406
