0 0.914582 0.636465 0.170836 0.444260
0 0.257733 0.670332 0.298236 0.535817
0 0.499918 0.500419 0.060084 0.100204
0 0.412517 0.517483 0.082328 0.140353
0 0.088153 0.621044 0.144872 0.402244
1 0.117894 0.454211 0.067612 0.064883
1 0.254154 0.455849 0.090656 0.102524
1 0.406829 0.459365 0.021572 0.023398
0 0.335926 0.495748 0.077180 0.090932
1 0.343757 0.459492 0.026132 0.025771
1 0.619578 0.457421 0.022160 0.022979
0 0.605474 0.515235 0.049008 0.134833
1 0.496789 0.459683 0.015908 0.017422
1 0.319626 0.460038 0.018312 0.019580
0 0.661013 0.564589 0.144820 0.254178
1 0.957885 0.452798 0.078952 0.080608
1 0.661086 0.455527 0.050144 0.050040
