0 0.362592 0.668833 0.221496 0.411206
0 0.595924 0.703744 0.240540 0.504178
0 0.807476 0.604581 0.125364 0.250200
0 0.212780 0.606247 0.142124 0.256588
0 0.104340 0.570030 0.107888 0.172796
0 0.665524 0.559307 0.080132 0.140481
1 0.347180 0.496561 0.068080 0.067878
1 0.597404 0.499106 0.083436 0.097677
1 0.667152 0.502800 0.025296 0.028780
0 0.040168 0.565542 0.052104 0.152615
1 0.800076 0.497625 0.034824 0.037447
1 0.098276 0.502584 0.034516 0.035800
1 0.051216 0.500638 0.023220 0.025591
1 0.433732 0.499831 0.022752 0.024332
1 0.500648 0.499569 0.015308 0.019278
0 0.282292 0.520301 0.040472 0.059218
1 0.292124 0.504065 0.021984 0.023695
0 0.437600 0.564509 0.073320 0.154409
1 0.202700 0.499902 0.050744 0.047527
