0 0.499728 0.499841 0.218064 0.406791
0 0.759360 0.530160 0.227048 0.490705
0 0.136668 0.406840 0.123204 0.177084
0 0.893764 0.436092 0.117636 0.249370
0 0.286496 0.441375 0.150560 0.260883
1 0.477948 0.329694 0.065612 0.066242
0 0.058608 0.401303 0.062444 0.160562
0 0.370204 0.392305 0.065880 0.141512
1 0.124904 0.335515 0.038860 0.034825
1 0.270400 0.332047 0.041184 0.041589
1 0.067032 0.333634 0.028540 0.025094
1 0.313908 0.336079 0.022108 0.024550
0 0.316144 0.381761 0.059492 0.117632
1 0.376568 0.336363 0.027752 0.029983
1 0.758756 0.328108 0.101020 0.095773
1 0.887508 0.331933 0.049004 0.050933
