0 0.503046 0.714082 0.298236 0.535817
0 0.095354 0.568528 0.107368 0.160207
0 0.745230 0.544169 0.060084 0.100204
0 0.657830 0.561233 0.082328 0.140353
0 0.333466 0.664794 0.144872 0.402244
1 0.363206 0.497961 0.067612 0.064883
1 0.499466 0.499599 0.090656 0.102524
1 0.652142 0.503116 0.021572 0.023398
0 0.581238 0.539498 0.077180 0.090932
1 0.084802 0.503070 0.027924 0.027421
1 0.589070 0.503242 0.026132 0.025771
1 0.864890 0.501171 0.022160 0.022979
0 0.850786 0.558985 0.049008 0.134833
1 0.742102 0.503433 0.015908 0.017422
1 0.564938 0.503788 0.018312 0.019580
0 0.906326 0.608339 0.144820 0.254178
1 0.906398 0.499277 0.050144 0.050040
