0 0.505482 0.728809 0.324844 0.542382
0 0.052096 0.572053 0.104192 0.151787
0 0.657686 0.574033 0.072668 0.151256
0 0.788102 0.598804 0.109092 0.221299
0 0.707302 0.552035 0.045812 0.097969
0 0.121062 0.549563 0.062628 0.098127
0 0.355786 0.589736 0.119296 0.190199
1 0.651186 0.508869 0.022532 0.022919
1 0.786134 0.507350 0.031880 0.033790
0 0.759198 0.559661 0.059656 0.120445
1 0.046694 0.509852 0.026192 0.025002
1 0.370038 0.507566 0.017936 0.021758
1 0.699302 0.512494 0.016376 0.015761
1 0.760274 0.511589 0.019032 0.023978
1 0.117798 0.509859 0.018440 0.017186
0 0.602146 0.528199 0.039844 0.054252
1 0.353142 0.509204 0.024812 0.027589
1 0.582422 0.511758 0.020768 0.025745
1 0.335974 0.511708 0.018040 0.026525
1 0.500466 0.499963 0.091128 0.092662
