0 0.238515 0.663567 0.367760 0.630936
1 0.240622 0.394656 0.090952 0.094018
0 0.499714 0.499794 0.113588 0.222003
0 0.054093 0.491429 0.108187 0.200108
1 0.496914 0.406012 0.032296 0.032967
1 0.044763 0.406917 0.030716 0.032440
1 0.458963 0.409236 0.017364 0.021976
0 0.459427 0.459042 0.061628 0.121813
1 0.351274 0.406986 0.022864 0.024138
1 0.025323 0.411797 0.018204 0.025407
0 0.403694 0.450227 0.041644 0.100460
0 0.368374 0.470355 0.062176 0.151448
1 0.393146 0.408631 0.017620 0.017359
1 0.060502 0.405396 0.014480 0.019204
