0 0.506298 0.629728 0.151400 0.310486
0 0.213061 0.551175 0.067820 0.114444
0 0.344942 0.583789 0.091992 0.191965
0 0.408361 0.551958 0.065208 0.113837
0 0.257202 0.573797 0.104908 0.167243
1 0.334897 0.501583 0.027988 0.028170
0 0.022973 0.575916 0.045945 0.166531
0 0.472986 0.561656 0.078036 0.147913
1 0.214230 0.503273 0.016708 0.016994
0 0.005685 0.607020 0.011369 0.259216
1 0.406385 0.505332 0.018520 0.018268
1 0.254885 0.506022 0.026932 0.030008
1 0.473726 0.505068 0.020092 0.027916
1 0.007369 0.500985 0.014738 0.019420
1 0.499309 0.499543 0.053472 0.051242
