0 0.649232 0.652695 0.324844 0.568278
0 0.194112 0.482991 0.107660 0.151787
0 0.801436 0.484971 0.072668 0.151256
0 0.931852 0.509741 0.109092 0.221299
0 0.264812 0.460500 0.062628 0.098127
0 0.499536 0.500674 0.119296 0.190199
1 0.794936 0.419806 0.022532 0.022919
1 0.929884 0.418288 0.031880 0.033790
0 0.902948 0.470598 0.059656 0.120445
1 0.190444 0.420790 0.026192 0.025002
1 0.513788 0.418504 0.017936 0.021758
1 0.261548 0.420796 0.018440 0.017186
0 0.745896 0.439136 0.039844 0.054252
1 0.496892 0.420142 0.024812 0.027589
1 0.726172 0.422696 0.020768 0.025745
1 0.479724 0.422646 0.018040 0.026525
1 0.644216 0.410901 0.091128 0.092662
