0 0.197234 0.468116 0.122908 0.186955
0 0.365066 0.436515 0.074424 0.111479
0 0.941130 0.475199 0.100080 0.200477
0 0.500534 0.499279 0.170672 0.262710
0 0.824086 0.441263 0.059944 0.119236
0 0.600598 0.465624 0.085444 0.175921
0 0.864510 0.465495 0.094076 0.172847
1 0.500458 0.388820 0.037684 0.036698
1 0.934654 0.390307 0.029116 0.030667
0 0.629974 0.446748 0.053956 0.131897
1 0.857790 0.393063 0.031032 0.030348
1 0.587110 0.390795 0.025156 0.025751
1 0.828118 0.391929 0.017372 0.018387
1 0.614110 0.390676 0.019976 0.018551
1 0.191110 0.390872 0.038736 0.030301
1 0.570082 0.395365 0.018456 0.026170
1 0.364450 0.391047 0.019708 0.017770
