0 0.596145 0.772059 0.295856 0.455883
0 0.093821 0.544247 0.117792 0.164308
0 0.500277 0.499366 0.065268 0.105741
0 0.331689 0.524670 0.071228 0.135873
0 0.871441 0.513658 0.065156 0.123808
0 0.676481 0.520595 0.065812 0.136508
0 0.973424 0.650553 0.053151 0.311960
0 0.812885 0.625474 0.122764 0.274615
0 0.399721 0.532038 0.095840 0.152435
1 0.073581 0.476105 0.030448 0.028451
0 0.698977 0.496299 0.039016 0.096968
1 0.390021 0.472064 0.030276 0.029489
1 0.581953 0.597466 0.097324 0.108529
1 0.687121 0.455450 0.014336 0.015849
1 0.870089 0.462882 0.023736 0.021663
1 0.495025 0.457066 0.020544 0.020448
1 0.325081 0.467846 0.026260 0.023706
1 0.572649 0.461647 0.024528 0.019825
1 0.671041 0.463080 0.019900 0.021413
0 0.586545 0.518693 0.110540 0.104405
1 0.806401 0.510737 0.048620 0.050432
1 0.995781 0.516329 0.008437 0.060910
