0 0.930125 0.668001 0.139751 0.285140
0 0.531699 0.684190 0.169044 0.309794
0 0.124319 0.558629 0.078072 0.130810
0 0.627027 0.530263 0.050312 0.093539
0 0.406703 0.649877 0.111252 0.258093
0 0.763475 0.606239 0.108352 0.197663
0 0.299387 0.548009 0.037432 0.113670
0 0.322643 0.556680 0.044300 0.123691
0 0.562155 0.547658 0.062792 0.107761
1 0.767487 0.523558 0.028132 0.029509
1 0.375583 0.517517 0.024252 0.028040
1 0.417163 0.541679 0.036300 0.041056
0 0.358895 0.593105 0.061116 0.177113
1 0.558367 0.501245 0.017588 0.019282
1 0.628807 0.492195 0.014972 0.015953
1 0.736955 0.500288 0.019136 0.020725
1 0.500659 0.499481 0.018840 0.019633
1 0.307755 0.501114 0.018184 0.018684
0 0.468275 0.531195 0.035364 0.093328
0 0.725675 0.549185 0.049064 0.119365
1 0.115219 0.504712 0.019816 0.020725
1 0.332979 0.506834 0.024652 0.026451
1 0.474715 0.492564 0.014936 0.016002
0 0.492899 0.533589 0.043856 0.084278
1 0.951219 0.551489 0.054628 0.057346
1 0.524631 0.561079 0.061756 0.051903
