0 0.662966 0.544555 0.157436 0.297776
0 0.555234 0.469144 0.056080 0.112486
0 0.360958 0.469871 0.067556 0.115643
0 0.499446 0.500343 0.091608 0.187760
0 0.416158 0.491354 0.093408 0.167204
0 0.191216 0.644193 0.382432 0.711613
1 0.489302 0.420137 0.028008 0.027812
0 0.622702 0.478614 0.082984 0.141995
1 0.408370 0.422909 0.028148 0.030202
1 0.359254 0.422330 0.018048 0.017858
1 0.619018 0.422049 0.023300 0.025081
0 0.160250 0.444232 0.052468 0.072646
1 0.091866 0.417873 0.033020 0.036841
1 0.548722 0.423341 0.017772 0.018239
0 0.118674 0.445013 0.074528 0.080966
1 0.141110 0.419889 0.020128 0.021528
1 0.015558 0.404130 0.031116 0.339341
1 0.149466 0.418278 0.019972 0.018787
1 0.665098 0.416044 0.049132 0.047286
