0 0.681270 0.605100 0.214244 0.399065
0 0.922972 0.633220 0.154056 0.475013
0 0.990447 0.543771 0.019106 0.245236
0 0.255694 0.513385 0.127936 0.177435
0 0.499854 0.500774 0.089240 0.142564
1 0.954658 0.438665 0.081052 0.090184
0 0.836066 0.501584 0.060440 0.141881
1 0.243122 0.443323 0.038556 0.036979
1 0.414578 0.439156 0.042208 0.040421
1 0.177390 0.442573 0.029520 0.027441
0 0.430642 0.550661 0.150568 0.258784
1 0.602038 0.441097 0.024276 0.023830
1 0.493138 0.443302 0.031232 0.029299
0 0.179246 0.511131 0.085620 0.164200
1 0.844074 0.443280 0.026672 0.025328
0 0.591786 0.507475 0.047508 0.155270
1 0.662906 0.439664 0.072312 0.072706
