0 0.419582 0.761902 0.295856 0.476195
0 0.323714 0.479053 0.065268 0.105741
0 0.155126 0.504357 0.071228 0.135873
0 0.694878 0.493346 0.065156 0.123808
0 0.499918 0.500282 0.065812 0.136508
0 0.836350 0.630240 0.132128 0.311960
0 0.636323 0.605162 0.122764 0.274615
0 0.223159 0.511726 0.095840 0.152435
0 0.522415 0.475987 0.039016 0.096968
1 0.213458 0.451752 0.030276 0.029489
1 0.872702 0.462640 0.025616 0.027241
1 0.405391 0.577153 0.097324 0.108529
1 0.510558 0.435138 0.014336 0.015849
0 0.870903 0.544105 0.087056 0.185461
1 0.693526 0.442570 0.023736 0.021663
1 0.318463 0.436754 0.020544 0.020448
1 0.148518 0.447533 0.026260 0.023706
1 0.396087 0.441334 0.024528 0.019825
1 0.494478 0.442768 0.019900 0.021413
0 0.409982 0.498381 0.110540 0.104405
1 0.629838 0.490425 0.048620 0.050432
1 0.847343 0.496016 0.064684 0.060910
