0 0.877352 0.638943 0.245296 0.518011
0 0.678995 0.600861 0.217732 0.410380
0 0.184387 0.506366 0.135108 0.180418
0 0.561934 0.535859 0.078080 0.249982
1 0.665058 0.427753 0.062212 0.065615
1 0.886082 0.432071 0.098992 0.106414
0 0.500067 0.499384 0.065408 0.165517
1 0.165318 0.433374 0.032440 0.030791
1 0.512978 0.434651 0.033248 0.032654
0 0.464902 0.494992 0.050068 0.148628
1 0.476347 0.431506 0.024516 0.022907
1 0.749591 0.434757 0.024760 0.028397
1 0.709846 0.434593 0.020576 0.022786
0 0.749063 0.488991 0.064184 0.134384
1 0.579238 0.430890 0.047308 0.047765
