0 0.497232 0.638995 0.176388 0.328023
0 0.355193 0.587699 0.100080 0.200477
0 0.238148 0.553763 0.059944 0.119236
0 0.028691 0.578124 0.057382 0.175921
0 0.278572 0.577995 0.094076 0.172847
1 0.348717 0.502807 0.029116 0.030667
0 0.437132 0.553398 0.069304 0.119635
0 0.044036 0.559248 0.053956 0.131897
1 0.271852 0.505563 0.031032 0.030348
1 0.006875 0.503295 0.013750 0.025751
1 0.242180 0.504429 0.017372 0.018387
1 0.028173 0.503176 0.019976 0.018551
1 0.439237 0.505716 0.019372 0.020599
1 0.500288 0.500179 0.055400 0.054387
