0 0.512895 0.645471 0.165816 0.347263
0 0.366907 0.712911 0.393856 0.574178
0 0.798931 0.660731 0.166508 0.393705
1 0.366623 0.494955 0.148928 0.158333
1 0.145867 0.500225 0.040196 0.038156
1 0.734543 0.499053 0.027512 0.029734
0 0.084919 0.563468 0.049644 0.146540
1 0.098887 0.501213 0.026220 0.023218
0 0.721039 0.596451 0.059076 0.226390
1 0.462171 0.499829 0.016448 0.019937
0 0.134415 0.604812 0.082564 0.243140
1 0.227103 0.501033 0.017148 0.021004
0 0.217799 0.526080 0.045268 0.068362
0 0.454455 0.509355 0.037904 0.041290
1 0.805939 0.497118 0.081300 0.077153
1 0.500339 0.500283 0.059740 0.063776
