0 0.497405 0.660200 0.222076 0.389835
0 0.875230 0.721244 0.249539 0.557513
0 0.195085 0.582997 0.093880 0.190251
0 0.256764 0.549196 0.056668 0.114946
0 0.124648 0.559235 0.072140 0.137011
0 0.073965 0.556083 0.059956 0.124675
0 0.044621 0.542210 0.047184 0.093564
1 0.119340 0.502304 0.021400 0.022378
1 0.252965 0.503838 0.020224 0.020396
1 0.189560 0.501205 0.028980 0.027252
1 0.051385 0.503503 0.015236 0.017030
1 0.069625 0.504056 0.019560 0.020084
1 0.214557 0.503188 0.013480 0.014935
1 0.931328 0.494957 0.107016 0.110691
1 0.499913 0.500040 0.083768 0.076788
