0 0.148363 0.635948 0.296726 0.469049
0 0.499588 0.500595 0.076136 0.130475
0 0.736904 0.555645 0.106204 0.259209
1 0.113220 0.448417 0.098456 0.093582
0 0.675924 0.494364 0.036688 0.114867
1 0.685460 0.445530 0.015732 0.016886
0 0.883528 0.491909 0.058040 0.108324
1 0.705972 0.445316 0.018316 0.020453
0 0.836244 0.575447 0.144640 0.317423
1 0.727752 0.443111 0.017376 0.026161
1 0.490676 0.446977 0.020224 0.022127
1 0.879232 0.448388 0.018928 0.021755
0 0.697588 0.500349 0.037524 0.127750
1 0.844280 0.446390 0.068836 0.059677
1 0.748336 0.446097 0.049920 0.047023
