0 0.023884 0.402721 0.047769 0.123808
0 0.499935 0.499786 0.103332 0.254052
0 0.156663 0.539615 0.132128 0.311960
0 0.009009 0.514536 0.018017 0.274615
1 0.506563 0.390559 0.029148 0.037242
1 0.193015 0.372015 0.025616 0.027241
1 0.710119 0.781965 0.242144 0.242903
0 0.191215 0.453480 0.087056 0.185461
0 0.798423 0.531069 0.119140 0.312194
1 0.013839 0.351945 0.023736 0.021663
1 0.799251 0.372667 0.031896 0.025277
0 0.782671 0.399251 0.081224 0.085408
1 0.815703 0.395766 0.072592 0.066512
1 0.167655 0.405391 0.064684 0.060910
