0 0.863791 0.593591 0.218064 0.406791
0 0.098482 0.510609 0.162588 0.202261
0 0.500731 0.500590 0.123204 0.177084
0 0.650559 0.535125 0.150560 0.260883
1 0.842010 0.423444 0.065612 0.066242
0 0.422671 0.495053 0.062444 0.160562
0 0.734267 0.486055 0.065880 0.141512
1 0.077138 0.427487 0.041408 0.034002
1 0.488967 0.429265 0.038860 0.034825
1 0.634463 0.425797 0.041184 0.041589
1 0.431095 0.427384 0.028540 0.025094
1 0.895262 0.428797 0.018592 0.018684
0 0.902691 0.457302 0.059904 0.076617
1 0.677971 0.429829 0.022108 0.024550
0 0.680206 0.475511 0.059492 0.117632
1 0.740630 0.430113 0.027752 0.029983
