0 0.078462 0.812760 0.156925 0.374481
0 0.630935 0.709598 0.162616 0.302022
0 0.828923 0.604321 0.104912 0.195440
0 0.160587 0.544930 0.079204 0.133558
0 0.502174 0.664972 0.122264 0.253168
0 0.974352 0.680782 0.051296 0.279819
0 0.661858 0.505595 0.050660 0.091917
0 0.539074 0.521503 0.064216 0.109656
0 0.375855 0.540160 0.069676 0.129107
0 0.602819 0.532192 0.067556 0.121936
0 0.779250 0.530579 0.064696 0.121199
1 0.016520 0.669031 0.033040 0.088416
0 0.336003 0.528656 0.037256 0.116318
0 0.424515 0.589392 0.063668 0.175759
1 0.829699 0.521991 0.027572 0.030546
1 0.372234 0.487093 0.025532 0.025578
1 0.433995 0.513844 0.025668 0.027110
1 0.538979 0.478784 0.021072 0.020790
1 0.148671 0.489265 0.021112 0.021548
1 0.662582 0.467966 0.015340 0.016357
1 0.779342 0.481511 0.020516 0.021346
0 0.499454 0.500074 0.034744 0.080791
1 0.502083 0.557631 0.036536 0.039443
1 0.343987 0.480613 0.017828 0.018367
1 0.509095 0.468513 0.015332 0.015790
1 0.601782 0.482762 0.019360 0.020585
1 0.623859 0.583729 0.060816 0.049626
