0 0.802029 0.574243 0.157436 0.297776
0 0.694296 0.498831 0.056080 0.112486
0 0.500021 0.499558 0.067556 0.115643
0 0.638509 0.530030 0.091608 0.187760
0 0.555221 0.521041 0.093408 0.167204
0 0.260747 0.659037 0.521494 0.681926
1 0.628364 0.449824 0.028008 0.027812
0 0.761765 0.508302 0.082984 0.141995
1 0.547432 0.452596 0.028148 0.030202
1 0.498316 0.452018 0.018048 0.017858
1 0.758080 0.451737 0.023300 0.025081
0 0.299312 0.473920 0.052468 0.072646
1 0.230929 0.447561 0.033020 0.036841
1 0.687785 0.453028 0.017772 0.018239
0 0.257737 0.474700 0.074528 0.080966
1 0.280172 0.449577 0.020128 0.021528
1 0.085089 0.433818 0.170178 0.339341
1 0.288528 0.447966 0.019972 0.018787
1 0.804160 0.445731 0.049132 0.047286
