0 0.395660 0.672533 0.289068 0.525823
0 0.204200 0.631052 0.210468 0.409214
0 0.964330 0.632348 0.071341 0.415237
0 0.713239 0.569407 0.137464 0.254617
0 0.628511 0.520251 0.061944 0.138901
0 0.500379 0.500707 0.058172 0.089530
1 0.198363 0.460142 0.065380 0.068816
1 0.383724 0.463458 0.091632 0.108394
1 0.153664 0.458207 0.030004 0.032103
1 0.709480 0.460135 0.036584 0.039902
1 0.082731 0.461190 0.018476 0.020792
1 0.495748 0.464223 0.014912 0.015741
0 0.073179 0.523507 0.043620 0.143845
0 0.096647 0.529271 0.053496 0.158243
1 0.635067 0.464964 0.022088 0.026111
1 0.114235 0.462790 0.028252 0.027626
