0 0.217982 0.643320 0.324844 0.568278
0 0.370186 0.475596 0.072668 0.151256
0 0.500602 0.500366 0.109092 0.221299
0 0.419802 0.453598 0.045812 0.097969
0 0.068286 0.491299 0.119296 0.190199
1 0.363686 0.410431 0.022532 0.022919
1 0.498634 0.408913 0.031880 0.033790
0 0.471698 0.461223 0.059656 0.120445
1 0.082538 0.409129 0.017936 0.021758
1 0.411802 0.414056 0.016376 0.015761
1 0.472774 0.413152 0.019032 0.023978
0 0.314646 0.429761 0.039844 0.054252
1 0.065642 0.410767 0.024812 0.027589
1 0.294922 0.413321 0.020768 0.025745
1 0.048474 0.413271 0.018040 0.026525
0 0.727455 0.639637 0.545090 0.720727
1 0.849866 0.411782 0.269752 0.309686
1 0.212966 0.401526 0.091128 0.092662
