0 0.248780 0.714454 0.276552 0.489386
0 0.577875 0.359428 0.062876 0.123039
0 0.298911 0.430430 0.102996 0.187349
0 0.393212 0.366910 0.061208 0.130194
0 0.133680 0.379296 0.086328 0.140618
0 0.233376 0.341057 0.058584 0.105048
0 0.416988 0.335416 0.047876 0.096372
1 0.230383 0.513922 0.091388 0.090594
0 0.736692 0.427023 0.087444 0.190046
0 0.075395 0.369342 0.066676 0.128756
0 0.672084 0.531191 0.128536 0.302479
1 0.733816 0.344975 0.027056 0.028798
1 0.126951 0.321311 0.029384 0.025511
1 0.069431 0.315695 0.021704 0.021656
1 0.410759 0.296543 0.016244 0.016452
1 0.388228 0.313414 0.020260 0.023155
1 0.230760 0.298883 0.020284 0.020191
1 0.577028 0.309404 0.023756 0.021620
1 0.298631 0.309697 0.025460 0.023141
0 0.500579 0.499340 0.136104 0.265374
0 0.305163 0.334220 0.062804 0.073168
1 0.287339 0.345013 0.033296 0.036103
1 0.684843 0.405650 0.065552 0.057584
1 0.486768 0.386982 0.046776 0.047446
