0 0.516707 0.642653 0.230904 0.351437
0 0.049515 0.573855 0.099031 0.179269
0 0.014517 0.608084 0.029035 0.266920
0 0.095878 0.554914 0.054284 0.135497
0 0.403070 0.584898 0.102772 0.204534
0 0.291835 0.548689 0.060884 0.120233
0 0.319134 0.572527 0.107200 0.180853
1 0.039011 0.498595 0.029184 0.027693
1 0.396010 0.496948 0.030224 0.030708
1 0.322086 0.499913 0.029600 0.034119
1 0.499335 0.500296 0.020852 0.021573
1 0.077830 0.497837 0.018032 0.018344
1 0.298183 0.498386 0.017840 0.018668
0 0.500138 0.548331 0.069300 0.122436
1 0.541683 0.491942 0.058672 0.055053
