0 0.868879 0.665558 0.262242 0.551918
0 0.533920 0.500162 0.071672 0.131846
0 0.597932 0.510118 0.101516 0.161707
0 0.330072 0.518801 0.120644 0.181078
0 0.015554 0.495599 0.031108 0.120535
0 0.253508 0.512130 0.114288 0.161818
0 0.005529 0.506917 0.011058 0.146288
1 0.911784 0.444117 0.148544 0.110943
1 0.431020 0.442612 0.048784 0.039427
1 0.340360 0.443779 0.034204 0.029848
1 0.529976 0.446572 0.028988 0.026361
1 0.595688 0.445703 0.038764 0.032051
1 0.002877 0.444612 0.005754 0.016288
1 0.270152 0.446684 0.026024 0.027725
1 0.246172 0.447539 0.023052 0.024570
0 0.421080 0.548324 0.172892 0.250522
