0 0.660985 0.545353 0.151400 0.310486
0 0.367749 0.466800 0.067820 0.114444
0 0.499629 0.499414 0.091992 0.191965
0 0.563049 0.467583 0.065208 0.113837
0 0.411889 0.489422 0.104908 0.167243
1 0.489585 0.417208 0.027988 0.028170
1 0.078517 0.415930 0.036964 0.038032
0 0.164877 0.491541 0.071512 0.166531
0 0.627673 0.477281 0.078036 0.147913
1 0.368917 0.418898 0.016708 0.016994
0 0.083028 0.522645 0.166057 0.259216
1 0.561073 0.420957 0.018520 0.018268
1 0.409573 0.421647 0.026932 0.030008
1 0.628413 0.420693 0.020092 0.027916
1 0.160373 0.416610 0.018104 0.019420
1 0.122113 0.420221 0.018600 0.022518
1 0.144309 0.418518 0.021972 0.024356
1 0.653997 0.415168 0.053472 0.051242
