0 0.499452 0.499505 0.367760 0.630936
1 0.501560 0.230594 0.090952 0.094018
0 0.760652 0.335732 0.113588 0.222003
0 0.307104 0.327366 0.124040 0.200108
1 0.757852 0.241949 0.032296 0.032967
1 0.305700 0.242854 0.030716 0.032440
1 0.719900 0.245174 0.017364 0.021976
0 0.720364 0.294980 0.061628 0.121813
1 0.612212 0.242924 0.022864 0.024138
1 0.286260 0.247734 0.018204 0.025407
0 0.664632 0.286164 0.041644 0.100460
0 0.629312 0.306293 0.062176 0.151448
1 0.654084 0.244568 0.017620 0.017359
1 0.321440 0.241333 0.014480 0.019204
