0 0.523068 0.685874 0.287136 0.452966
0 0.560296 0.324168 0.082084 0.135745
0 0.785444 0.317045 0.074732 0.131472
0 0.870320 0.374620 0.097096 0.180401
0 0.946164 0.293986 0.060820 0.114975
0 0.740740 0.305623 0.041312 0.121255
0 0.904480 0.277469 0.042432 0.091498
1 0.500688 0.499722 0.089164 0.083736
0 0.948502 0.461638 0.102996 0.251746
1 0.956140 0.354658 0.036052 0.038599
1 0.861368 0.299515 0.026340 0.030836
1 0.781552 0.264199 0.024940 0.024415
1 0.747060 0.256029 0.018508 0.020806
1 0.945076 0.250282 0.024040 0.020835
1 0.549556 0.268926 0.022228 0.022057
1 0.906900 0.239446 0.017896 0.016610
