0 0.715752 0.579079 0.213460 0.359732
0 0.089120 0.552286 0.158020 0.288146
0 0.191580 0.503002 0.103816 0.165330
0 0.499619 0.500000 0.096008 0.158551
0 0.620976 0.478871 0.056364 0.108884
1 0.717216 0.428578 0.050920 0.057200
0 0.434511 0.489490 0.062156 0.136458
1 0.186620 0.434698 0.030980 0.031585
1 0.442887 0.433920 0.023212 0.025814
1 0.497084 0.433486 0.023208 0.026420
1 0.625531 0.434032 0.016272 0.018893
1 0.746220 0.437479 0.017080 0.029180
0 0.737115 0.490539 0.065720 0.162292
1 0.084208 0.431882 0.055952 0.054418
