0 0.497890 0.726393 0.367760 0.547213
0 0.020306 0.577412 0.040611 0.157909
1 0.499997 0.499344 0.090952 0.094018
0 0.759089 0.604482 0.113588 0.222003
0 0.305542 0.596116 0.124040 0.200108
1 0.756289 0.510699 0.032296 0.032967
1 0.304138 0.511604 0.030716 0.032440
1 0.718338 0.513924 0.017364 0.021976
0 0.718801 0.563730 0.061628 0.121813
1 0.610649 0.511674 0.022864 0.024138
1 0.284698 0.516484 0.018204 0.025407
0 0.663069 0.554914 0.041644 0.100460
0 0.627749 0.575043 0.062176 0.151448
0 0.056949 0.553607 0.065916 0.101495
1 0.652521 0.513318 0.017620 0.017359
1 0.052862 0.513075 0.020636 0.018092
1 0.319877 0.510083 0.014480 0.019204
