0 0.218956 0.726584 0.260268 0.460553
0 0.971683 0.493880 0.056634 0.252034
0 0.742075 0.421767 0.092320 0.189180
0 0.322747 0.420008 0.093952 0.185929
0 0.499231 0.499916 0.132920 0.254511
0 0.131092 0.351821 0.057144 0.124619
0 0.658127 0.536850 0.140604 0.296942
0 0.604696 0.343917 0.059788 0.118145
1 0.200988 0.539179 0.087876 0.084427
0 0.343343 0.333637 0.064280 0.107903
0 0.184652 0.364277 0.080960 0.136609
0 0.283384 0.320306 0.050660 0.101421
1 0.486896 0.392459 0.036848 0.040984
1 0.739391 0.342115 0.027020 0.029592
0 0.454343 0.316364 0.045656 0.095744
1 0.176235 0.307883 0.025912 0.023117
1 0.127211 0.300886 0.020000 0.021787
1 0.339696 0.292606 0.024916 0.021820
1 0.602668 0.295697 0.022352 0.021836
1 0.450300 0.278208 0.015952 0.016265
1 0.281780 0.282229 0.017656 0.019568
1 0.316555 0.341726 0.026324 0.031862
0 0.422535 0.350780 0.056256 0.127744
1 0.990538 0.388319 0.018924 0.051667
1 0.661104 0.414864 0.060104 0.053174
