0 0.709123 0.687576 0.342696 0.571370
0 0.063668 0.527416 0.127337 0.178823
0 0.324023 0.514902 0.081132 0.144835
0 0.500411 0.500490 0.065464 0.111289
0 0.400839 0.521389 0.107064 0.161361
0 0.884875 0.576765 0.130004 0.295735
0 0.909791 0.508734 0.060456 0.125548
1 0.389731 0.455439 0.034208 0.030935
1 0.314503 0.454867 0.026292 0.023225
1 0.036535 0.454816 0.035784 0.031453
1 0.904819 0.456775 0.024888 0.026613
1 0.497011 0.456273 0.021856 0.021852
1 0.677083 0.454179 0.125428 0.116258
1 0.876095 0.453247 0.057012 0.055375
