0 0.123797 0.682824 0.247594 0.634352
0 0.914158 0.679819 0.171684 0.600125
0 0.710776 0.561210 0.172684 0.300386
0 0.611928 0.481560 0.062580 0.105041
0 0.499296 0.500483 0.088320 0.148196
1 0.984733 0.428703 0.030534 0.096471
0 0.434088 0.491301 0.061012 0.130714
1 0.031370 0.436666 0.062740 0.147584
1 0.150532 0.437503 0.039780 0.042833
0 0.153916 0.543730 0.148692 0.255224
0 0.211084 0.489458 0.091900 0.128468
1 0.495688 0.437926 0.021856 0.023447
1 0.204712 0.439661 0.030432 0.028960
1 0.441028 0.438982 0.024808 0.024322
1 0.610388 0.439238 0.015576 0.018054
1 0.710204 0.435139 0.055744 0.053447
