0 0.532560 0.723602 0.342696 0.552797
0 0.931376 0.634338 0.137248 0.329292
0 0.147460 0.560214 0.081132 0.144835
0 0.323849 0.545803 0.065464 0.111289
0 0.224277 0.566701 0.107064 0.161361
0 0.708313 0.622078 0.130004 0.295735
0 0.733228 0.554047 0.060456 0.125548
1 0.213169 0.500751 0.034208 0.030935
1 0.137941 0.500180 0.026292 0.023225
1 0.728256 0.502088 0.024888 0.026613
1 0.320449 0.501586 0.021856 0.021852
1 0.500521 0.499491 0.125428 0.116258
1 0.935084 0.497230 0.072796 0.065417
1 0.699533 0.498560 0.057012 0.055375
