0 0.521603 0.670154 0.218064 0.406791
0 0.781235 0.700473 0.227048 0.490705
0 0.158543 0.577152 0.123204 0.177084
0 0.915639 0.606405 0.117636 0.249370
0 0.308371 0.611688 0.150560 0.260883
1 0.499823 0.500007 0.065612 0.066242
0 0.080483 0.571615 0.062444 0.160562
0 0.392079 0.562617 0.065880 0.141512
1 0.146779 0.505827 0.038860 0.034825
1 0.292275 0.502360 0.041184 0.041589
1 0.088907 0.503946 0.028540 0.025094
1 0.553075 0.505359 0.018592 0.018684
0 0.560503 0.533864 0.059904 0.076617
1 0.335783 0.506392 0.022108 0.024550
0 0.338019 0.552074 0.059492 0.117632
1 0.398443 0.506676 0.027752 0.029983
1 0.780631 0.498420 0.101020 0.095773
1 0.909383 0.502245 0.049004 0.050933
