0 0.499232 0.499570 0.324844 0.568278
0 0.651436 0.331846 0.072668 0.151256
0 0.781852 0.356616 0.109092 0.221299
0 0.701052 0.309848 0.045812 0.097969
0 0.114812 0.307375 0.062628 0.098127
0 0.349536 0.347549 0.119296 0.190199
1 0.644936 0.266681 0.022532 0.022919
1 0.779884 0.265163 0.031880 0.033790
0 0.752948 0.317473 0.059656 0.120445
1 0.363788 0.265379 0.017936 0.021758
1 0.693052 0.270306 0.016376 0.015761
1 0.754024 0.269402 0.019032 0.023978
1 0.111548 0.267671 0.018440 0.017186
0 0.595896 0.286011 0.039844 0.054252
1 0.346892 0.267017 0.024812 0.027589
1 0.329724 0.269521 0.018040 0.026525
1 0.494216 0.257776 0.091128 0.092662
