0 0.720031 0.723786 0.262672 0.450661
0 0.224563 0.591439 0.163004 0.285140
0 0.480220 0.635008 0.185128 0.343127
0 0.050232 0.529676 0.100464 0.197663
0 0.671996 0.527408 0.110396 0.177860
1 0.388223 0.796958 0.192668 0.211585
1 0.050300 0.446995 0.028132 0.029509
0 0.331847 0.844891 0.657840 0.310217
1 0.019768 0.423726 0.019136 0.020725
1 0.699611 0.462313 0.037112 0.044329
0 0.016510 0.472623 0.033019 0.119365
1 0.766184 0.539005 0.084472 0.086940
1 0.234032 0.474927 0.054628 0.057346
1 0.500375 0.500501 0.076832 0.070846
