0 0.330387 0.871681 0.263796 0.256638
0 0.920266 0.652057 0.092752 0.187033
0 0.157659 0.594619 0.087356 0.143197
0 0.513354 0.645759 0.088608 0.179384
0 0.813002 0.776732 0.146008 0.292441
0 0.554275 0.557930 0.058196 0.110243
0 0.804275 0.564874 0.058220 0.119761
0 0.394226 0.583911 0.078512 0.133389
0 0.666402 0.536036 0.049224 0.093125
0 0.624803 0.573066 0.051180 0.128333
1 0.310630 0.787372 0.087084 0.085016
0 0.344234 0.571048 0.047040 0.120406
0 0.662450 0.733419 0.135176 0.253498
1 0.920207 0.571817 0.026268 0.027954
1 0.647419 0.624371 0.035512 0.040653
1 0.144050 0.535392 0.023300 0.023166
1 0.627062 0.519165 0.017100 0.018374
1 0.390170 0.529149 0.025500 0.023873
1 0.346255 0.520520 0.021036 0.021181
0 0.500835 0.535210 0.048104 0.088731
1 0.663419 0.497669 0.015812 0.015831
1 0.804751 0.516713 0.021552 0.023143
1 0.551994 0.513302 0.021696 0.022334
1 0.506775 0.569381 0.026144 0.029396
1 0.500634 0.500319 0.017028 0.016619
1 0.811438 0.656078 0.059304 0.046753
