0 0.952352 0.655963 0.095295 0.505096
0 0.250491 0.683798 0.378216 0.585144
0 0.665855 0.490223 0.059608 0.101144
0 0.038963 0.513002 0.077926 0.154807
0 0.566506 0.508669 0.085308 0.140222
0 0.499818 0.500564 0.066040 0.126702
1 0.020983 0.449849 0.023552 0.025488
1 0.152874 0.439218 0.039224 0.054981
1 0.562955 0.449368 0.020848 0.022295
1 0.507858 0.450245 0.023836 0.023893
0 0.114706 0.624973 0.126220 0.425698
1 0.665442 0.449982 0.016192 0.016997
0 0.781386 0.560482 0.156440 0.273321
1 0.241498 0.444271 0.117124 0.114779
1 0.782455 0.447642 0.051820 0.050042
