0 0.662269 0.673399 0.316716 0.562691
0 0.368456 0.574363 0.238848 0.314930
0 0.846965 0.607189 0.240908 0.402766
1 0.644109 0.439730 0.087220 0.098919
1 0.836121 0.446178 0.071756 0.079751
0 0.923277 0.531613 0.100708 0.198754
1 0.339172 0.445263 0.059788 0.060721
1 0.918397 0.446662 0.029164 0.033442
1 0.385164 0.445920 0.041216 0.047223
0 0.956284 0.498889 0.054816 0.114968
1 0.589341 0.447004 0.023220 0.028750
1 0.489252 0.448075 0.020488 0.021492
0 0.713281 0.484350 0.074676 0.095742
1 0.703221 0.448363 0.016828 0.020558
1 0.943292 0.451407 0.021148 0.022484
1 0.717988 0.448197 0.017492 0.019402
