0 0.272182 0.798686 0.298688 0.402628
0 0.870179 0.472620 0.110052 0.123244
0 0.754086 0.515473 0.137132 0.162448
0 0.318718 0.472154 0.083480 0.122173
0 0.116519 0.595328 0.149020 0.230954
0 0.668875 0.459550 0.090652 0.112662
0 0.076075 0.470280 0.075452 0.120771
0 0.500214 0.499334 0.093952 0.145323
0 0.250999 0.483600 0.077680 0.134847
0 0.556275 0.481260 0.077852 0.131675
1 0.280694 0.640936 0.083484 0.087287
1 0.769778 0.449663 0.030168 0.031644
1 0.515978 0.439387 0.023644 0.025846
1 0.554195 0.429010 0.024548 0.024192
1 0.883451 0.421885 0.021336 0.022196
1 0.261555 0.430865 0.028552 0.026435
1 0.323690 0.422017 0.020960 0.022309
1 0.078843 0.422141 0.019308 0.021636
1 0.115902 0.500255 0.034124 0.042068
1 0.678782 0.415634 0.021440 0.023911
