0 0.589260 0.681014 0.294808 0.408685
0 0.346700 0.571009 0.132500 0.228730
0 0.172552 0.535877 0.103764 0.174107
0 0.826792 0.493141 0.084444 0.108614
0 0.268228 0.501187 0.076384 0.121743
0 0.923032 0.523018 0.119524 0.157482
0 0.984335 0.499612 0.031330 0.117862
0 0.500552 0.499927 0.081532 0.119061
0 0.438800 0.508137 0.075336 0.129811
0 0.680452 0.515202 0.079596 0.141653
1 0.355972 0.476700 0.036224 0.044926
0 0.728944 0.505657 0.069500 0.130676
1 0.170736 0.463826 0.025412 0.031786
1 0.939704 0.460277 0.030980 0.033512
1 0.448144 0.454576 0.025968 0.025774
1 0.696316 0.455359 0.022100 0.024901
1 0.832396 0.449918 0.021492 0.022048
1 0.501940 0.451419 0.018532 0.020869
1 0.726416 0.453394 0.022452 0.024957
1 0.268412 0.451723 0.018512 0.021020
1 0.596716 0.516509 0.091032 0.086557
