0 0.719179 0.642582 0.246680 0.467966
0 0.165023 0.577998 0.209104 0.303606
0 0.254348 0.527900 0.107348 0.174861
1 0.713056 0.449582 0.080992 0.078851
0 0.302787 0.506088 0.078312 0.124151
0 0.598131 0.564809 0.081916 0.275047
0 0.499611 0.500524 0.041860 0.111562
0 0.538160 0.505134 0.057612 0.116570
1 0.541064 0.455814 0.019024 0.020662
0 0.049272 0.509950 0.050560 0.130955
1 0.055596 0.455385 0.023984 0.022439
1 0.295760 0.455209 0.026488 0.024442
1 0.240559 0.454759 0.030660 0.029718
1 0.507263 0.456370 0.024188 0.021767
1 0.144452 0.455063 0.076032 0.060320
1 0.616368 0.452926 0.049316 0.050062
