0 0.490932 0.663663 0.298688 0.413831
0 0.173705 0.392417 0.103820 0.176398
0 0.952135 0.374848 0.095729 0.162448
0 0.537468 0.331529 0.083480 0.122173
0 0.335269 0.454703 0.149020 0.230954
0 0.887625 0.318925 0.090652 0.112662
0 0.294824 0.329655 0.075452 0.120771
0 0.718964 0.358709 0.093952 0.145323
0 0.469749 0.342975 0.077680 0.134847
0 0.775025 0.340635 0.077852 0.131675
1 0.499444 0.500311 0.083484 0.087287
1 0.986722 0.309038 0.026555 0.031644
1 0.170893 0.319330 0.026000 0.029875
1 0.734728 0.298762 0.023644 0.025846
1 0.772945 0.288385 0.024548 0.024192
1 0.480305 0.290240 0.028552 0.026435
1 0.542440 0.281392 0.020960 0.022309
1 0.297593 0.281516 0.019308 0.021636
1 0.334652 0.359630 0.034124 0.042068
1 0.897532 0.275009 0.021440 0.023911
