0 0.117690 0.729036 0.235379 0.541929
0 0.948925 0.638085 0.102149 0.327686
0 0.499541 0.639878 0.216340 0.327697
0 0.327929 0.565554 0.104672 0.148493
0 0.646433 0.588940 0.091004 0.203571
0 0.075921 0.491207 0.115192 0.126499
1 0.009143 0.482441 0.018285 0.097412
1 0.500401 0.500441 0.044900 0.046082
0 0.949777 0.574713 0.099292 0.169751
1 0.954961 0.503933 0.024424 0.025358
1 0.986755 0.496787 0.026491 0.042124
1 0.539741 0.498024 0.033488 0.032533
1 0.626709 0.502155 0.029860 0.027954
0 0.570505 0.600624 0.102228 0.244242
1 0.075137 0.448736 0.045660 0.037721
1 0.327853 0.504212 0.027500 0.023686
