0 0.367551 0.784766 0.185040 0.299176
0 0.944944 0.788158 0.110112 0.306407
0 0.224286 0.857410 0.264496 0.285180
0 0.578691 0.665075 0.122716 0.204671
0 0.313215 0.622973 0.103364 0.165100
0 0.056281 0.708279 0.112563 0.232270
0 0.744742 0.523365 0.058580 0.093235
0 0.693323 0.559387 0.066164 0.132793
0 0.510155 0.545291 0.053660 0.111215
0 0.885043 0.558125 0.079648 0.145681
0 0.475023 0.559633 0.070424 0.126385
1 0.210251 0.754638 0.082708 0.078757
0 0.019909 0.771259 0.039818 0.292246
1 0.351371 0.662406 0.049064 0.052596
1 0.571754 0.579671 0.031260 0.034979
1 0.695871 0.505709 0.023288 0.030121
1 0.303343 0.552340 0.026560 0.027380
1 0.284458 0.507509 0.019360 0.021008
1 0.746699 0.484719 0.016816 0.016412
1 0.500006 0.500107 0.018692 0.020068
1 0.474279 0.508920 0.019780 0.021587
0 0.903894 0.528238 0.047492 0.098919
0 0.289926 0.535740 0.064316 0.077661
1 0.897579 0.487133 0.016304 0.016292
1 0.982085 0.663634 0.035830 0.063097
1 0.022031 0.617190 0.044062 0.056974
