0 0.499853 0.634087 0.211892 0.315549
0 0.648205 0.589805 0.134632 0.204064
0 0.991911 0.603244 0.016179 0.233703
0 0.720989 0.566729 0.061244 0.145337
0 0.208941 0.593317 0.147464 0.208654
0 0.952858 0.588590 0.094283 0.202253
1 0.499981 0.500111 0.045384 0.041735
1 0.649789 0.503653 0.031004 0.029779
1 0.212409 0.462023 0.041220 0.037811
1 0.705045 0.504069 0.021560 0.020759
1 0.961893 0.507088 0.029192 0.036207
1 0.941761 0.509084 0.019184 0.027180
0 0.449177 0.553348 0.076480 0.121234
0 0.192149 0.488247 0.090688 0.095272
1 0.236997 0.506308 0.034980 0.033937
1 0.451537 0.505950 0.020604 0.018727
0 0.932673 0.559516 0.064024 0.129708
