0 0.932828 0.634765 0.134344 0.299176
0 0.427747 0.849866 0.390388 0.300268
0 0.814912 0.764260 0.264496 0.398880
0 0.903840 0.472973 0.103364 0.165100
0 0.627828 0.558279 0.150720 0.232270
1 0.800876 0.604638 0.082708 0.078757
1 0.369899 0.751678 0.094172 0.098321
0 0.526188 0.621259 0.208512 0.292246
1 0.941996 0.512406 0.049064 0.052596
1 0.893968 0.402340 0.026560 0.027380
1 0.875083 0.357509 0.019360 0.021008
0 0.880551 0.385740 0.064316 0.077661
1 0.499259 0.500625 0.067588 0.063124
1 0.608003 0.467190 0.053368 0.056974
