0 0.508342 0.628167 0.181456 0.313263
0 0.205310 0.662975 0.260396 0.423988
0 0.316478 0.598933 0.126696 0.234518
0 0.720862 0.557796 0.070444 0.117061
0 0.658894 0.577176 0.088216 0.170804
0 0.858150 0.594134 0.113300 0.215672
0 0.940074 0.555764 0.066516 0.117243
1 0.193206 0.495170 0.081956 0.088828
1 0.660994 0.506561 0.024444 0.029142
1 0.133710 0.496571 0.030316 0.038702
1 0.719378 0.509007 0.018208 0.018293
1 0.936866 0.508688 0.018088 0.018972
1 0.895950 0.511212 0.023956 0.027034
0 0.898286 0.558669 0.048780 0.123793
0 0.114250 0.615012 0.085772 0.275954
1 0.867746 0.505283 0.031284 0.038729
1 0.500046 0.500561 0.059332 0.062390
1 0.304242 0.503171 0.045228 0.050094
