0 0.927238 0.578774 0.145523 0.387221
0 0.358903 0.545802 0.204452 0.309067
0 0.065185 0.679871 0.130371 0.640257
0 0.829511 0.542625 0.181404 0.305669
0 0.190891 0.477539 0.100432 0.145298
1 0.360411 0.415417 0.044720 0.045835
0 0.499551 0.500320 0.089968 0.195255
0 0.789099 0.485725 0.097448 0.166352
1 0.397755 0.412287 0.033364 0.031471
1 0.481695 0.416888 0.028220 0.027439
1 0.798591 0.418711 0.023744 0.026231
1 0.190155 0.418763 0.028084 0.025434
1 0.830435 0.409821 0.041476 0.038137
0 0.425619 0.510675 0.098108 0.231248
1 0.967068 0.414955 0.065865 0.065072
