0 0.511923 0.627032 0.181172 0.316899
0 0.184459 0.663941 0.277224 0.430202
0 0.886095 0.590809 0.115132 0.219191
0 0.767543 0.552919 0.071184 0.117245
0 0.696894 0.573106 0.092612 0.172042
0 0.332275 0.595855 0.131784 0.235744
0 0.976064 0.549960 0.047871 0.113773
0 0.936911 0.555000 0.063512 0.121430
1 0.161275 0.491239 0.086200 0.085714
1 0.696778 0.501884 0.025508 0.031253
1 0.767083 0.504069 0.018564 0.019557
1 0.894130 0.500401 0.031288 0.038398
1 0.942343 0.505493 0.023332 0.022466
1 0.987942 0.504092 0.018192 0.019417
1 0.499370 0.500667 0.058416 0.060367
1 0.321570 0.499880 0.049160 0.053041
