0 0.719278 0.543656 0.174732 0.184554
0 0.237950 0.488731 0.097808 0.130502
0 0.156570 0.499979 0.101376 0.146588
0 0.499710 0.500735 0.105040 0.146416
0 0.657158 0.480040 0.105944 0.124754
0 0.419214 0.520787 0.101648 0.163323
1 0.917762 0.439193 0.025344 0.025538
1 0.739490 0.468900 0.037948 0.038315
1 0.445450 0.453260 0.027700 0.029293
1 0.506138 0.442148 0.028696 0.028672
1 0.244926 0.434311 0.020648 0.023503
1 0.672218 0.431199 0.025320 0.026489
1 0.164530 0.441695 0.028356 0.027794
0 0.899854 0.497117 0.139808 0.143417
