0 0.510404 0.630158 0.177368 0.318382
0 0.165157 0.666887 0.254488 0.426641
0 0.351940 0.597252 0.127216 0.231622
0 0.905356 0.594401 0.119364 0.225698
0 0.805368 0.550497 0.075264 0.117297
0 0.725552 0.572725 0.102532 0.171877
0 0.997003 0.550288 0.005994 0.119117
0 0.969064 0.555420 0.061871 0.130010
1 0.152153 0.495595 0.089572 0.083099
1 0.918149 0.499669 0.034296 0.039438
1 0.723872 0.501013 0.025636 0.030704
1 0.806416 0.502916 0.018572 0.021033
1 0.983457 0.503141 0.025128 0.024788
1 0.343857 0.501843 0.050164 0.052641
1 0.500728 0.500180 0.060412 0.064103
