0 0.657993 0.590976 0.278752 0.468857
0 0.021762 0.536350 0.043523 0.332471
0 0.096929 0.486729 0.140020 0.211720
1 0.676102 0.392535 0.064772 0.068040
0 0.173642 0.461779 0.064088 0.150188
0 0.500241 0.500132 0.139736 0.243394
0 0.417086 0.484200 0.116252 0.207367
1 0.097269 0.397845 0.031012 0.031583
1 0.502477 0.397429 0.035520 0.036646
1 0.156750 0.397937 0.021176 0.022055
0 0.622314 0.436831 0.071068 0.095521
1 0.419398 0.398662 0.032480 0.033428
1 0.401250 0.400772 0.018704 0.024431
1 0.625749 0.401666 0.020896 0.020380
