0 0.087378 0.833333 0.174756 0.333334
0 0.891837 0.702962 0.180632 0.291652
0 0.256198 0.790797 0.261692 0.416822
0 0.127609 0.608255 0.107340 0.177226
0 0.420369 0.632480 0.103124 0.203490
0 0.054074 0.565451 0.070184 0.123797
0 0.661586 0.562730 0.072472 0.128682
0 0.505346 0.536509 0.038948 0.092810
0 0.258862 0.553312 0.085524 0.107008
1 0.238117 0.640304 0.073128 0.077508
1 0.116566 0.534544 0.028788 0.029738
1 0.285093 0.589924 0.044160 0.050018
1 0.048202 0.513248 0.019296 0.021539
1 0.266169 0.509997 0.019492 0.021177
0 0.638173 0.539875 0.033924 0.095508
1 0.419593 0.548036 0.029472 0.034092
1 0.499273 0.499683 0.016532 0.016841
1 0.465266 0.510519 0.022840 0.022205
0 0.470714 0.563221 0.071784 0.126749
1 0.649173 0.500068 0.015204 0.014549
1 0.251546 0.512411 0.018068 0.020367
1 0.899605 0.582040 0.062312 0.061441
