0 0.880259 0.677800 0.239481 0.644400
0 0.768277 0.499979 0.085992 0.151632
0 0.136461 0.543485 0.173752 0.262242
0 0.637976 0.569308 0.197952 0.317327
0 0.867680 0.504421 0.114772 0.171529
1 0.980319 0.423625 0.039362 0.129802
0 0.243669 0.512048 0.082976 0.181370
1 0.137056 0.434050 0.037332 0.037127
1 0.227924 0.436358 0.027404 0.026338
1 0.769209 0.438343 0.024784 0.027398
0 0.499632 0.500654 0.079372 0.152406
0 0.540284 0.545868 0.137068 0.256113
1 0.163436 0.430877 0.021984 0.025686
1 0.869332 0.439616 0.036588 0.040563
1 0.513812 0.436921 0.020132 0.025168
1 0.540517 0.432576 0.031880 0.033358
1 0.647513 0.433624 0.059840 0.055888
