0 0.997551 0.533461 0.004898 0.387221
0 0.499528 0.500490 0.204452 0.309067
0 0.135498 0.649437 0.270996 0.670014
0 0.939717 0.497312 0.120566 0.305669
0 0.331516 0.432227 0.100432 0.145298
1 0.501036 0.370104 0.044720 0.045835
0 0.640176 0.455008 0.089968 0.195255
1 0.037534 0.355025 0.075068 0.088180
0 0.929724 0.440412 0.097448 0.166352
1 0.538380 0.366975 0.033364 0.031471
1 0.622320 0.371576 0.028220 0.027439
0 0.099336 0.350194 0.076964 0.102661
1 0.939216 0.373398 0.023744 0.026231
1 0.330780 0.373450 0.028084 0.025434
1 0.971060 0.364509 0.041476 0.038137
0 0.566244 0.465363 0.098108 0.231248
1 0.082500 0.323219 0.047532 0.045522
