0 0.137999 0.826779 0.275998 0.346442
0 0.768094 0.520396 0.145680 0.169124
0 0.067519 0.607761 0.135038 0.229466
0 0.324050 0.466904 0.089784 0.125338
0 0.908986 0.469773 0.120908 0.129782
0 0.698458 0.454012 0.098052 0.116244
0 0.247534 0.480425 0.078760 0.134840
0 0.500062 0.499766 0.091048 0.151697
0 0.568470 0.478415 0.087724 0.137511
1 0.133230 0.699948 0.088936 0.091724
0 0.076930 0.468155 0.072540 0.127633
1 0.260870 0.425475 0.027616 0.028595
1 0.784826 0.452158 0.033796 0.033698
1 0.923346 0.417132 0.022488 0.022057
1 0.569034 0.423261 0.025696 0.026107
1 0.329638 0.415038 0.020732 0.022136
1 0.077074 0.415132 0.018032 0.020943
1 0.056466 0.512885 0.038092 0.040720
1 0.708138 0.407401 0.023892 0.023247
1 0.521106 0.437412 0.024584 0.027263
