0 0.409573 0.665389 0.294808 0.408685
0 0.167012 0.555384 0.132500 0.228730
0 0.022373 0.520252 0.044747 0.174107
0 0.647104 0.477516 0.084444 0.108614
0 0.088541 0.485562 0.076384 0.121743
0 0.743345 0.507393 0.119524 0.157482
0 0.837696 0.483987 0.097428 0.117862
0 0.320865 0.484302 0.081532 0.119061
0 0.259113 0.492512 0.075336 0.129811
0 0.500765 0.499577 0.079596 0.141653
1 0.176284 0.461075 0.036224 0.044926
0 0.549256 0.490032 0.069500 0.130676
1 0.001877 0.448201 0.003754 0.031786
1 0.760017 0.444652 0.030980 0.033512
1 0.849289 0.436091 0.020964 0.021782
1 0.268457 0.438951 0.025968 0.025774
1 0.516629 0.439734 0.022100 0.024901
1 0.652708 0.434293 0.021492 0.022048
1 0.322252 0.435794 0.018532 0.020869
1 0.546729 0.437769 0.022452 0.024957
1 0.088725 0.436098 0.018512 0.021020
1 0.417028 0.500884 0.091032 0.086557
