0 0.077188 0.564904 0.154376 0.307132
0 0.275718 0.681744 0.417404 0.592351
0 0.674490 0.562256 0.194416 0.292792
0 0.500266 0.500282 0.099460 0.142335
0 0.801978 0.523252 0.090708 0.196290
1 0.675682 0.438647 0.040396 0.040594
1 0.709846 0.435464 0.028524 0.027043
1 0.785602 0.439667 0.027384 0.026554
1 0.249742 0.387451 0.040136 0.033685
1 0.499054 0.441379 0.025372 0.022214
0 0.734162 0.510406 0.079804 0.179863
0 0.240378 0.430424 0.118896 0.123219
1 0.285038 0.432860 0.084316 0.075262
1 0.036154 0.427948 0.062800 0.055996
