0 0.217861 0.857087 0.396700 0.285825
0 0.643489 0.791842 0.263780 0.399598
0 0.819481 0.665869 0.182624 0.302189
0 0.404925 0.644337 0.203940 0.287710
0 0.997082 0.553147 0.005835 0.202941
0 0.515417 0.594322 0.143644 0.239917
0 0.993362 0.431800 0.013275 0.097839
1 0.153837 0.767277 0.095052 0.101045
1 0.630093 0.631363 0.080612 0.080977
0 0.808489 0.496440 0.099168 0.150694
0 0.973378 0.451982 0.053243 0.120553
1 0.796289 0.398034 0.019700 0.019247
0 0.803577 0.421918 0.069212 0.068764
1 0.978697 0.401865 0.018988 0.019744
1 0.805897 0.543888 0.051892 0.054736
1 0.381169 0.530581 0.066684 0.060903
1 0.499993 0.499662 0.053128 0.056610
