0 0.095670 0.822951 0.191340 0.354098
0 0.776722 0.523016 0.157196 0.173792
0 0.050067 0.599530 0.100134 0.225743
0 0.321733 0.466816 0.092740 0.128021
0 0.932666 0.471266 0.122664 0.132660
0 0.070358 0.465927 0.072548 0.125203
0 0.246657 0.480941 0.095436 0.139178
0 0.500706 0.499960 0.097588 0.156955
1 0.020818 0.508247 0.032816 0.042586
1 0.044510 0.692560 0.089019 0.092837
0 0.571238 0.479332 0.092324 0.140035
1 0.947586 0.417293 0.024416 0.023263
1 0.794382 0.452375 0.034032 0.034207
1 0.254437 0.423724 0.025844 0.026161
1 0.724465 0.407319 0.023892 0.022628
1 0.328718 0.414316 0.020428 0.022525
1 0.575126 0.424320 0.028076 0.027475
0 0.714617 0.455210 0.099064 0.118201
1 0.069873 0.412440 0.018732 0.019161
1 0.521810 0.435196 0.026048 0.026422
