0 0.880633 0.738098 0.189904 0.296408
0 0.193508 0.826105 0.240476 0.347791
0 0.145129 0.609001 0.100420 0.171648
0 0.284740 0.734268 0.168132 0.277706
0 0.422413 0.642358 0.101856 0.202613
0 0.690789 0.547435 0.076892 0.143402
0 0.088028 0.552999 0.065300 0.125177
0 0.499673 0.551872 0.068216 0.133652
0 0.538009 0.520921 0.053856 0.095060
1 0.186517 0.693340 0.070560 0.079420
0 0.282677 0.552446 0.075800 0.128754
1 0.424996 0.556234 0.028580 0.034517
0 0.310981 0.542523 0.051620 0.115558
1 0.134992 0.536716 0.025720 0.027061
1 0.083136 0.501703 0.020172 0.021397
1 0.686036 0.484959 0.016536 0.017746
1 0.499876 0.499796 0.025748 0.025564
1 0.279596 0.501580 0.023640 0.023015
1 0.536388 0.483118 0.016776 0.017735
1 0.299180 0.498128 0.021412 0.023607
1 0.890469 0.616858 0.063100 0.062350
1 0.263425 0.625809 0.053908 0.050099
