0 0.546427 0.641191 0.252308 0.372472
0 0.098987 0.551546 0.070444 0.117061
0 0.040564 0.570926 0.081127 0.170804
0 0.236275 0.587884 0.113300 0.215672
0 0.763491 0.547836 0.077780 0.105728
0 0.318199 0.549515 0.066516 0.117243
0 0.707567 0.560263 0.103640 0.143604
1 0.039119 0.500311 0.024444 0.029142
1 0.714663 0.502890 0.025172 0.026759
1 0.097503 0.502757 0.018208 0.018293
1 0.314991 0.502438 0.018088 0.018972
1 0.770231 0.503936 0.017012 0.018702
1 0.274075 0.504962 0.023956 0.027034
0 0.276411 0.552419 0.048780 0.123793
1 0.500779 0.500001 0.019016 0.020241
1 0.245871 0.499033 0.031284 0.038729
1 0.601315 0.505410 0.016860 0.021434
1 0.558983 0.492023 0.080412 0.073834
