0 0.719440 0.648629 0.345420 0.571354
0 0.911293 0.552791 0.177415 0.408503
0 0.500739 0.499949 0.238024 0.316420
0 0.768252 0.422655 0.095272 0.166945
1 0.692999 0.415264 0.091384 0.102454
0 0.872456 0.380299 0.062072 0.092763
1 0.469883 0.371457 0.059416 0.060178
1 0.750072 0.353223 0.028236 0.028181
1 0.958287 0.366165 0.039688 0.044773
0 0.656819 0.379712 0.044240 0.089712
1 0.874232 0.343986 0.018116 0.020963
1 0.665655 0.345474 0.021628 0.021483
1 0.889608 0.346097 0.018184 0.020482
0 0.965476 0.484078 0.069049 0.290684
1 0.939900 0.379838 0.083900 0.077420
1 0.526563 0.366815 0.052552 0.054954
