0 0.050762 0.733820 0.101525 0.532360
0 0.759559 0.588851 0.164644 0.284229
0 0.155058 0.657478 0.246196 0.408503
0 0.500575 0.500129 0.071244 0.122747
0 0.279451 0.544598 0.099080 0.204131
0 0.469482 0.484258 0.034836 0.092486
0 0.081831 0.484987 0.062072 0.092763
0 0.317274 0.500100 0.062476 0.123914
1 0.500507 0.449405 0.023804 0.022716
1 0.275010 0.462072 0.028524 0.034742
1 0.314747 0.448165 0.019092 0.021742
1 0.167662 0.470852 0.039688 0.044773
1 0.083607 0.448674 0.018116 0.020963
0 0.338911 0.482417 0.036416 0.090324
1 0.296382 0.446476 0.015468 0.015984
1 0.330095 0.446532 0.015064 0.016027
1 0.478283 0.447034 0.016152 0.017962
1 0.098983 0.450784 0.018184 0.020482
0 0.203902 0.588766 0.127152 0.290684
1 0.768582 0.469839 0.063684 0.060268
1 0.149275 0.484525 0.083900 0.077420
