0 0.211982 0.672656 0.367428 0.535858
0 0.499758 0.499298 0.240476 0.397303
0 0.451379 0.257439 0.100420 0.171648
0 0.590990 0.382706 0.168132 0.277706
0 0.728663 0.290795 0.101856 0.202613
0 0.979296 0.195872 0.041408 0.143402
0 0.218111 0.333574 0.150052 0.235881
0 0.394278 0.201436 0.065300 0.125177
0 0.805923 0.200309 0.068216 0.133652
1 0.168111 0.456672 0.088216 0.094705
0 0.844259 0.169358 0.053856 0.095060
1 0.492766 0.341778 0.070560 0.079420
0 0.588927 0.200883 0.075800 0.128754
1 0.731246 0.204672 0.028580 0.034517
0 0.617231 0.190961 0.051620 0.115558
1 0.441242 0.185153 0.025720 0.027061
1 0.389386 0.150141 0.020172 0.021397
1 0.992009 0.133397 0.015982 0.017746
1 0.806126 0.148233 0.025748 0.025564
1 0.585846 0.150017 0.023640 0.023015
1 0.116390 0.268199 0.058496 0.060849
0 0.129619 0.366983 0.197416 0.258086
1 0.842638 0.131556 0.016776 0.017735
1 0.605430 0.146566 0.021412 0.023607
1 0.192651 0.239875 0.053196 0.058583
1 0.569674 0.274247 0.053908 0.050099
