0 0.487969 0.661291 0.286636 0.401859
0 0.208481 0.597526 0.119364 0.225698
0 0.108493 0.553622 0.075264 0.117297
0 0.039972 0.575850 0.079943 0.171877
0 0.743770 0.567334 0.109340 0.151072
0 0.335605 0.553413 0.076948 0.119117
0 0.826197 0.551829 0.095892 0.112874
0 0.648693 0.548175 0.068760 0.105421
0 0.276654 0.558545 0.070800 0.130010
1 0.500258 0.500691 0.073480 0.079769
1 0.221274 0.502795 0.034296 0.039438
1 0.026997 0.504138 0.025636 0.030704
1 0.760841 0.505888 0.029488 0.030573
1 0.336641 0.505207 0.019948 0.020763
1 0.836201 0.505621 0.021112 0.021258
1 0.109541 0.506041 0.018572 0.021033
1 0.650134 0.505976 0.019512 0.020223
1 0.286582 0.506266 0.025128 0.024788
0 0.547318 0.561920 0.078896 0.135689
1 0.553046 0.509518 0.022916 0.028343
