0 0.072415 0.643097 0.144831 0.347994
0 0.724871 0.682649 0.265040 0.453755
0 0.564555 0.640102 0.180008 0.343683
0 0.498319 0.572847 0.104272 0.172546
0 0.181995 0.587448 0.096028 0.209657
1 0.738215 0.492603 0.064376 0.069208
1 0.499875 0.500037 0.025896 0.027400
1 0.162527 0.497486 0.030300 0.029243
1 0.072667 0.491255 0.032772 0.033586
0 0.106139 0.599694 0.106216 0.257157
1 0.798075 0.496217 0.026520 0.025839
0 0.940117 0.605524 0.119767 0.262436
1 0.954863 0.498527 0.055568 0.049619
1 0.562931 0.494444 0.064700 0.054036
1 0.033139 0.490094 0.056504 0.048879
