0 0.011630 0.623193 0.023260 0.292792
0 0.492724 0.653401 0.217548 0.361361
0 0.735292 0.597698 0.131360 0.227819
0 0.369969 0.622477 0.170504 0.294804
0 0.613901 0.570300 0.092576 0.163170
0 0.053541 0.584189 0.090708 0.196290
1 0.037165 0.500604 0.027384 0.026554
1 0.343756 0.502798 0.022088 0.024188
1 0.372977 0.494675 0.040168 0.035244
0 0.333637 0.568961 0.092720 0.161172
1 0.614333 0.504546 0.027348 0.029543
0 0.012813 0.571344 0.025626 0.179863
1 0.499932 0.499652 0.064932 0.060928
1 0.732333 0.502289 0.053188 0.047182
