0 0.245195 0.650697 0.346620 0.549313
0 0.499948 0.500172 0.261692 0.416822
0 0.371359 0.317630 0.107340 0.177226
0 0.664119 0.341855 0.103124 0.203490
0 0.297824 0.274826 0.070184 0.123797
0 0.905336 0.272105 0.072472 0.128682
0 0.090266 0.423773 0.180532 0.312610
1 0.204312 0.423865 0.092216 0.096919
0 0.749095 0.245884 0.038948 0.092810
0 0.502612 0.262687 0.085524 0.107008
1 0.126431 0.279652 0.039528 0.044660
1 0.481867 0.349679 0.073128 0.077508
1 0.360316 0.243919 0.028788 0.029738
1 0.528844 0.299299 0.044160 0.050018
1 0.291952 0.222623 0.019296 0.021539
1 0.509919 0.219372 0.019492 0.021177
0 0.881923 0.249250 0.033924 0.095508
1 0.663343 0.257411 0.029472 0.034092
1 0.743023 0.209058 0.016532 0.016841
1 0.709016 0.219894 0.022840 0.022205
0 0.714464 0.272596 0.071784 0.126749
1 0.892923 0.209443 0.015204 0.014549
0 0.155572 0.343943 0.134848 0.177561
1 0.495295 0.221786 0.018068 0.020367
1 0.055819 0.278635 0.030412 0.020853
1 0.059000 0.300619 0.072716 0.066431
