0 0.562025 0.729184 0.211616 0.314849
0 0.171197 0.598459 0.129064 0.202941
0 0.312101 0.496147 0.074628 0.135349
0 0.129181 0.477112 0.059912 0.097839
0 0.500261 0.499601 0.076400 0.138193
0 0.371705 0.462541 0.060060 0.096503
0 0.088761 0.497295 0.059008 0.120553
1 0.164721 0.512887 0.031036 0.032285
1 0.122221 0.437863 0.017208 0.018331
0 0.532269 0.466938 0.043848 0.098404
1 0.091197 0.447178 0.018988 0.019744
1 0.372709 0.422844 0.017368 0.017838
1 0.315345 0.442698 0.021516 0.029140
1 0.525433 0.426298 0.015936 0.016522
1 0.569521 0.599471 0.069768 0.062149
