0 0.787572 0.655736 0.318008 0.518483
0 0.064418 0.592187 0.128836 0.354506
0 0.195692 0.534996 0.145560 0.219060
0 0.627176 0.550303 0.125736 0.254459
1 0.812420 0.436730 0.071536 0.075177
0 0.739740 0.485377 0.076540 0.105480
0 0.529692 0.533891 0.125520 0.217998
1 0.618224 0.442553 0.036420 0.036756
1 0.195344 0.443237 0.031304 0.030890
1 0.261568 0.444038 0.023116 0.023465
0 0.279112 0.509092 0.066580 0.158515
1 0.742976 0.446043 0.023228 0.024768
1 0.531748 0.445005 0.032576 0.035073
1 0.514880 0.447174 0.020960 0.028237
0 0.499880 0.499957 0.073044 0.138706
1 0.019922 0.437929 0.039844 0.054871
