0 0.506679 0.692582 0.246680 0.467966
0 0.028538 0.627999 0.057075 0.303606
0 0.906599 0.601683 0.126100 0.238115
0 0.047761 0.577900 0.095522 0.174861
1 0.500556 0.499582 0.080992 0.078851
0 0.090287 0.556088 0.078312 0.124151
0 0.385631 0.614809 0.081916 0.275047
0 0.287111 0.550524 0.041860 0.111562
0 0.325660 0.555134 0.057612 0.116570
1 0.328564 0.505814 0.019024 0.020662
1 0.083260 0.505209 0.026488 0.024442
1 0.028059 0.504759 0.030660 0.029718
1 0.294764 0.506370 0.024188 0.021767
1 0.910339 0.499109 0.053652 0.050265
1 0.403868 0.502926 0.049316 0.050062
