0 0.510605 0.710220 0.234712 0.322945
0 0.137978 0.581311 0.132232 0.202590
0 0.309010 0.493939 0.081208 0.127832
0 0.379098 0.461800 0.062824 0.095227
0 0.499278 0.499417 0.076764 0.133625
0 0.544494 0.465904 0.047520 0.098494
0 0.079978 0.488770 0.053096 0.120895
0 0.129837 0.469929 0.061696 0.097567
1 0.123906 0.432547 0.017580 0.019863
1 0.316649 0.441217 0.022780 0.026417
1 0.090734 0.439459 0.021084 0.022203
1 0.382373 0.423379 0.018864 0.018493
1 0.540413 0.425797 0.016124 0.017226
1 0.132850 0.497534 0.030460 0.038666
1 0.511577 0.444445 0.024792 0.025873
1 0.522677 0.583950 0.068376 0.058874
