0 0.493420 0.653040 0.260424 0.380531
0 0.204845 0.595496 0.115132 0.219191
0 0.086293 0.557606 0.071184 0.117245
0 0.030975 0.577793 0.061950 0.172042
0 0.306205 0.554647 0.070652 0.113773
0 0.697169 0.565463 0.100064 0.144326
0 0.255661 0.559688 0.063512 0.121430
1 0.706012 0.508433 0.026252 0.027002
1 0.015528 0.506572 0.025508 0.031253
1 0.085833 0.508756 0.018564 0.019557
1 0.212880 0.505089 0.031288 0.038398
1 0.768868 0.508916 0.017852 0.018450
1 0.261093 0.510181 0.023332 0.022466
1 0.306692 0.508779 0.018192 0.019417
1 0.599493 0.509931 0.017036 0.019312
0 0.597469 0.535070 0.060476 0.070522
0 0.761465 0.553473 0.083632 0.109346
1 0.499365 0.500337 0.082980 0.078167
