0 0.668098 0.650186 0.268960 0.487987
0 0.125022 0.577571 0.209556 0.314233
0 0.236737 0.527097 0.113624 0.181571
0 0.298330 0.503798 0.083580 0.126383
1 0.650989 0.445872 0.073212 0.078736
0 0.526933 0.503202 0.041836 0.117936
1 0.105133 0.451259 0.066908 0.063322
1 0.593966 0.446772 0.037392 0.042755
1 0.223757 0.451965 0.030916 0.031615
0 0.035849 0.507985 0.045092 0.132098
1 0.539253 0.452107 0.017924 0.020669
0 0.499778 0.499339 0.043828 0.113191
1 0.290753 0.452669 0.025816 0.025987
1 0.046157 0.451868 0.021188 0.021803
1 0.729150 0.453956 0.020560 0.020257
1 0.512149 0.453585 0.024452 0.021267
1 0.690033 0.453770 0.041396 0.063720
0 0.733606 0.473507 0.055568 0.061544
