0 0.089708 0.772030 0.179416 0.455940
0 0.729325 0.606354 0.175032 0.292311
0 0.503645 0.687181 0.219516 0.383641
0 0.978980 0.537869 0.042040 0.190496
0 0.840089 0.449185 0.062692 0.115277
0 0.362014 0.576677 0.154220 0.262523
0 0.500417 0.500742 0.120804 0.137475
1 0.488598 0.451617 0.033564 0.038842
1 0.834318 0.402248 0.017596 0.019022
0 0.986769 0.433105 0.026463 0.075004
0 0.801041 0.493112 0.081104 0.163231
1 0.802389 0.424957 0.024056 0.028053
1 0.011728 0.590370 0.023455 0.103225
1 0.356934 0.468445 0.062688 0.061184
1 0.718241 0.486468 0.055040 0.057906
1 0.488458 0.535797 0.080952 0.069617
