0 0.613358 0.741792 0.298192 0.415930
0 0.030177 0.608907 0.060355 0.315884
0 0.500482 0.500110 0.153888 0.230735
0 0.351158 0.430617 0.105324 0.176229
0 0.732407 0.362341 0.087964 0.123226
0 0.906807 0.393825 0.084120 0.147609
1 0.623034 0.575276 0.082128 0.084890
0 0.660702 0.376232 0.075932 0.136564
0 0.964710 0.372495 0.070579 0.133418
0 0.489499 0.362820 0.073300 0.121437
1 0.348966 0.356853 0.024300 0.028672
1 0.737379 0.312101 0.019076 0.020482
1 0.672342 0.321013 0.024960 0.024869
1 0.489727 0.311542 0.018668 0.021159
1 0.930414 0.332625 0.024308 0.026539
1 0.498499 0.403808 0.037588 0.042712
1 0.974315 0.319478 0.027088 0.026784
