0 0.047727 0.678499 0.095454 0.431613
0 0.847666 0.723017 0.304668 0.553966
0 0.611366 0.674096 0.221348 0.428152
0 0.998353 0.626175 0.003294 0.309407
0 0.498714 0.582726 0.117544 0.197165
0 0.144258 0.601372 0.114792 0.241033
1 0.881598 0.488059 0.087960 0.086828
1 0.122870 0.499779 0.036560 0.036770
1 0.016385 0.492748 0.032770 0.042363
1 0.500342 0.499915 0.029616 0.030062
0 0.829446 0.584182 0.112272 0.204255
1 0.828542 0.502192 0.030696 0.039330
0 0.059329 0.615718 0.118658 0.292457
1 0.611282 0.492357 0.081156 0.065880
