0 0.610296 0.646303 0.196940 0.339104
0 0.842956 0.586036 0.117376 0.199096
0 0.732328 0.571668 0.094012 0.158054
0 0.494308 0.621755 0.163696 0.281968
0 0.191972 0.581739 0.084668 0.182885
1 0.175004 0.503862 0.026384 0.025742
1 0.074620 0.502975 0.038812 0.038261
1 0.499444 0.499560 0.036212 0.033581
1 0.734212 0.507397 0.025924 0.027342
1 0.470788 0.506164 0.019464 0.022876
0 0.458544 0.572062 0.087696 0.156344
1 0.105056 0.500966 0.024196 0.025175
0 0.125092 0.594121 0.093208 0.215107
0 0.082804 0.618931 0.165608 0.275155
1 0.616152 0.503002 0.062428 0.058014
1 0.841356 0.506181 0.051192 0.045594
