0 0.996770 0.663149 0.006461 0.387221
0 0.497966 0.630177 0.204452 0.309067
0 0.134717 0.722059 0.269433 0.555882
0 0.938936 0.627000 0.122128 0.305669
0 0.329954 0.561914 0.100432 0.145298
1 0.499473 0.499792 0.044720 0.045835
0 0.638613 0.584695 0.089968 0.195255
1 0.036753 0.484712 0.073505 0.088180
0 0.928162 0.570100 0.097448 0.166352
1 0.536818 0.496662 0.033364 0.031471
1 0.620757 0.501263 0.028220 0.027439
0 0.097773 0.479881 0.076964 0.102661
1 0.937654 0.503086 0.023744 0.026231
1 0.329218 0.503138 0.028084 0.025434
1 0.969497 0.494196 0.041476 0.038137
0 0.564682 0.595050 0.098108 0.231248
1 0.080937 0.452906 0.047532 0.045522
