0 0.037848 0.726953 0.075696 0.299176
0 0.606272 0.730346 0.201516 0.306407
0 0.194316 0.607262 0.122716 0.204671
0 0.360367 0.465552 0.058580 0.093235
0 0.308948 0.501575 0.066164 0.132793
0 0.125780 0.487479 0.053660 0.111215
0 0.500668 0.500313 0.079648 0.145681
0 0.090648 0.501820 0.070424 0.126385
1 0.187379 0.521859 0.031260 0.034979
1 0.311496 0.447897 0.023288 0.030121
1 0.362324 0.426907 0.016816 0.016412
1 0.115631 0.442294 0.018692 0.020068
1 0.089904 0.451107 0.019780 0.021587
0 0.519519 0.470426 0.047492 0.098919
1 0.513204 0.429321 0.016304 0.016292
1 0.613951 0.605822 0.068312 0.063097
