0 0.286749 0.763986 0.293888 0.405891
0 0.092270 0.595070 0.145560 0.231572
0 0.698878 0.526038 0.131568 0.161078
0 0.606082 0.481467 0.086300 0.110198
0 0.802649 0.491756 0.105336 0.119286
0 0.035347 0.491360 0.070693 0.118276
0 0.267110 0.491959 0.083936 0.119228
0 0.500157 0.500439 0.076140 0.129937
0 0.444194 0.514900 0.083832 0.143786
1 0.299133 0.603575 0.078408 0.082942
0 0.204265 0.501292 0.075096 0.132192
1 0.463549 0.455057 0.021872 0.025231
1 0.712782 0.462887 0.030972 0.033808
1 0.094733 0.500617 0.035024 0.043002
1 0.498309 0.447963 0.024120 0.024613
1 0.271570 0.442673 0.020252 0.019600
1 0.032634 0.442533 0.019156 0.018979
1 0.614418 0.437203 0.020764 0.021436
1 0.214009 0.449087 0.026072 0.024781
1 0.813385 0.443256 0.021512 0.022158
