0 0.517104 0.770722 0.301596 0.449640
0 0.500064 0.499530 0.153264 0.225743
0 0.798296 0.366816 0.092740 0.128021
0 0.375556 0.434268 0.104676 0.182675
0 0.546920 0.365927 0.072548 0.125203
0 0.723220 0.380941 0.095436 0.139178
0 0.964237 0.399960 0.071526 0.156955
1 0.497380 0.408247 0.032816 0.042586
1 0.520492 0.592560 0.090180 0.092837
1 0.372844 0.358293 0.026080 0.032058
1 0.731000 0.323723 0.025844 0.026161
1 0.805280 0.314316 0.020428 0.022525
1 0.546436 0.312440 0.018732 0.019161
1 0.992674 0.335196 0.014652 0.026422
