0 0.598709 0.627164 0.259712 0.355945
0 0.012453 0.598520 0.024907 0.304270
0 0.048748 0.520593 0.087084 0.168572
0 0.100605 0.491858 0.067208 0.116939
0 0.257712 0.547654 0.114840 0.215401
0 0.759120 0.485952 0.075188 0.105516
0 0.312852 0.490130 0.070032 0.115463
0 0.705140 0.489897 0.075732 0.110417
0 0.500128 0.499326 0.093452 0.129706
1 0.052113 0.451682 0.024556 0.028890
1 0.715637 0.448494 0.024784 0.026069
1 0.097693 0.444246 0.018692 0.020450
1 0.763329 0.443072 0.018272 0.020185
1 0.314068 0.442840 0.017704 0.019141
1 0.267777 0.457821 0.031508 0.037060
1 0.500852 0.446411 0.018436 0.021796
1 0.516948 0.446472 0.019288 0.023924
1 0.595009 0.445356 0.019692 0.018756
0 0.525948 0.474029 0.044232 0.077670
1 0.606564 0.479171 0.079248 0.076570
