0 0.800137 0.749071 0.194448 0.302524
0 0.099002 0.839143 0.198004 0.321714
0 0.191541 0.744657 0.175640 0.285997
0 0.367738 0.636677 0.119640 0.205875
0 0.648765 0.529690 0.076268 0.148995
0 0.091373 0.594075 0.100356 0.168323
0 0.273025 0.522967 0.049288 0.111299
0 0.500765 0.500010 0.056668 0.096167
0 0.237921 0.537414 0.067256 0.127294
0 0.456981 0.534194 0.064900 0.134566
0 0.043989 0.535164 0.057228 0.123440
1 0.360825 0.550810 0.030200 0.034823
1 0.458265 0.481267 0.023480 0.025765
1 0.043938 0.483792 0.019404 0.020446
1 0.502381 0.462025 0.017968 0.018427
1 0.259521 0.477444 0.017620 0.021006
1 0.081086 0.523999 0.024908 0.028690
1 0.651994 0.464372 0.015816 0.017570
1 0.238666 0.486123 0.025440 0.023600
1 0.808429 0.626415 0.065640 0.062629
1 0.059749 0.713483 0.087612 0.074759
1 0.172181 0.629880 0.054236 0.054952
