0 0.567747 0.760859 0.297752 0.430227
0 0.499491 0.499949 0.152344 0.229466
0 0.362467 0.429405 0.104340 0.176841
0 0.764675 0.359092 0.089784 0.125338
0 0.688159 0.372612 0.078760 0.134840
0 0.940687 0.391953 0.091048 0.151697
0 0.982617 0.370603 0.034767 0.137511
1 0.573855 0.592136 0.088936 0.091724
0 0.517555 0.360343 0.072540 0.127633
1 0.360979 0.355089 0.025952 0.030051
1 0.701495 0.317663 0.027616 0.028595
1 0.998405 0.315449 0.003189 0.026107
1 0.770263 0.307225 0.020732 0.022136
1 0.517699 0.307320 0.018032 0.020943
1 0.497091 0.405073 0.038092 0.040720
1 0.961731 0.329599 0.024584 0.027263
