0 0.240482 0.630383 0.220944 0.287433
0 0.493970 0.730153 0.380060 0.531920
0 0.663038 0.568740 0.093156 0.137011
0 0.959194 0.587989 0.081612 0.182885
1 0.500486 0.499363 0.073404 0.068983
0 0.410278 0.515626 0.119892 0.148669
1 0.943754 0.510112 0.026384 0.025742
1 0.843370 0.509225 0.038812 0.038261
1 0.417346 0.460524 0.043296 0.036981
1 0.873806 0.507216 0.024196 0.025175
1 0.662146 0.511104 0.023932 0.020954
1 0.233114 0.509322 0.054448 0.042367
0 0.893842 0.600371 0.093208 0.215107
0 0.842174 0.625181 0.184368 0.275155
