0 0.207108 0.820038 0.298192 0.359923
0 0.766669 0.518721 0.147328 0.166435
0 0.094232 0.606360 0.153888 0.230735
0 0.896133 0.470753 0.116212 0.127390
0 0.326157 0.468591 0.087964 0.123226
0 0.688341 0.455264 0.093048 0.115146
0 0.500557 0.500075 0.084120 0.147609
1 0.216784 0.681526 0.082128 0.084890
0 0.254453 0.482482 0.075932 0.136564
0 0.565473 0.478745 0.084604 0.133418
0 0.083249 0.469070 0.073300 0.121437
1 0.782341 0.452683 0.032600 0.034529
1 0.331129 0.418351 0.019076 0.020482
1 0.266092 0.427263 0.024960 0.024869
1 0.083477 0.417793 0.018668 0.021159
1 0.524164 0.438875 0.024308 0.026539
1 0.698804 0.409668 0.021696 0.023317
1 0.908620 0.419860 0.022180 0.022725
1 0.092249 0.510058 0.037588 0.042712
1 0.568065 0.425728 0.027088 0.026784
