0 0.500594 0.644163 0.226484 0.332471
0 0.667242 0.594542 0.140020 0.211720
0 0.743954 0.569591 0.064088 0.150188
0 0.964636 0.592013 0.070728 0.207367
0 0.224774 0.598526 0.127512 0.212920
1 0.667582 0.505658 0.031012 0.031583
1 0.727062 0.505750 0.021176 0.022055
1 0.235726 0.461729 0.038440 0.035768
1 0.986735 0.506474 0.026530 0.033428
0 0.228802 0.490195 0.110324 0.096921
1 0.971562 0.508585 0.018704 0.024431
0 0.463798 0.554420 0.054108 0.122337
1 0.230050 0.503857 0.041596 0.040718
1 0.500278 0.500280 0.056580 0.051979
