0 0.618633 0.798177 0.346620 0.403647
0 0.871270 0.720485 0.257461 0.416822
0 0.744797 0.537942 0.107340 0.177226
0 0.992998 0.562168 0.014005 0.203490
0 0.671261 0.495138 0.070184 0.123797
0 0.451501 0.644086 0.204936 0.312610
1 0.577749 0.644178 0.092216 0.096919
0 0.876049 0.482999 0.085524 0.107008
1 0.499869 0.499964 0.039528 0.044660
1 0.855305 0.569991 0.073128 0.077508
1 0.733753 0.464232 0.028788 0.029738
1 0.902281 0.519611 0.044160 0.050018
1 0.665389 0.442936 0.019296 0.021539
1 0.883357 0.439684 0.019492 0.021177
0 0.529009 0.564256 0.134848 0.177561
1 0.868733 0.442099 0.018068 0.020367
1 0.429257 0.498947 0.030412 0.020853
1 0.432437 0.520932 0.072716 0.066431
