0 0.840503 0.750029 0.261756 0.340871
0 0.182450 0.706354 0.175032 0.292311
0 0.941410 0.540860 0.073612 0.104927
0 0.479931 0.637869 0.137692 0.190496
0 0.769858 0.533941 0.070552 0.097112
0 0.685963 0.560948 0.089064 0.130831
0 0.293214 0.549185 0.062692 0.115277
0 0.893838 0.568216 0.070540 0.139304
1 0.857750 0.611681 0.063416 0.066616
0 0.504414 0.534776 0.064988 0.090797
1 0.944887 0.498803 0.017932 0.019366
1 0.500350 0.500572 0.017772 0.019334
1 0.287443 0.502248 0.017596 0.019022
0 0.452246 0.533105 0.051168 0.075004
0 0.254166 0.593112 0.081104 0.163231
1 0.903422 0.510690 0.023172 0.023485
1 0.775030 0.497024 0.017152 0.019102
1 0.689862 0.508156 0.019100 0.022914
1 0.702558 0.505551 0.019172 0.022275
1 0.462718 0.506145 0.020080 0.020423
1 0.255514 0.524957 0.024056 0.028053
1 0.171366 0.586468 0.055040 0.057906
