0 0.635891 0.536586 0.222204 0.387221
0 0.065721 0.503615 0.131442 0.309067
0 0.499824 0.500437 0.181404 0.305669
0 0.874003 0.474306 0.136620 0.240239
0 0.751039 0.444820 0.086344 0.168453
1 0.030723 0.373229 0.044720 0.045835
0 0.169863 0.458133 0.089968 0.195255
1 0.875083 0.377952 0.041472 0.046064
0 0.459412 0.443537 0.097448 0.166352
1 0.068068 0.370100 0.033364 0.031471
1 0.152007 0.374701 0.028220 0.027439
1 0.747067 0.377038 0.028124 0.031014
1 0.468904 0.376523 0.023744 0.026231
1 0.500747 0.367634 0.041476 0.038137
0 0.095932 0.468488 0.098108 0.231248
1 0.639108 0.372768 0.069320 0.065072
