0 0.519562 0.771799 0.293888 0.405891
0 0.325082 0.602882 0.145560 0.231572
0 0.931690 0.533850 0.131568 0.161078
0 0.155358 0.551297 0.104796 0.174332
0 0.838894 0.489280 0.086300 0.110198
0 0.264582 0.499173 0.077848 0.118276
0 0.499922 0.499772 0.083936 0.119228
0 0.732970 0.508252 0.076140 0.129937
0 0.677006 0.522713 0.083832 0.143786
1 0.531946 0.611387 0.078408 0.082942
0 0.437078 0.509105 0.075096 0.132192
1 0.153494 0.479560 0.025028 0.030791
1 0.696362 0.462869 0.021872 0.025231
1 0.945594 0.470699 0.030972 0.033808
1 0.327546 0.508429 0.035024 0.043002
1 0.731122 0.455775 0.024120 0.024613
1 0.504382 0.450485 0.020252 0.019600
1 0.265446 0.450346 0.019156 0.018979
1 0.847230 0.445015 0.020764 0.021436
1 0.446822 0.456900 0.026072 0.024781
