0 0.208927 0.586154 0.139564 0.204194
0 0.631783 0.584824 0.125808 0.196162
0 0.499735 0.626999 0.201104 0.298379
0 0.976608 0.596558 0.046783 0.224354
0 0.698047 0.562871 0.060332 0.141889
0 0.433703 0.549864 0.077484 0.117335
0 0.931915 0.582455 0.107708 0.192472
1 0.499407 0.499520 0.043624 0.041333
1 0.632527 0.503287 0.028792 0.030526
1 0.681187 0.503098 0.020604 0.020983
1 0.194091 0.462391 0.041832 0.038988
1 0.913231 0.506754 0.018964 0.024703
1 0.431063 0.502267 0.020644 0.017989
1 0.933383 0.504333 0.029024 0.035116
0 0.901995 0.556029 0.057404 0.127147
0 0.173443 0.489915 0.087924 0.098975
