0 0.332902 0.723150 0.298136 0.548075
0 0.034341 0.630702 0.068682 0.320481
0 0.473798 0.647737 0.218788 0.367731
0 0.164230 0.575251 0.112160 0.181294
0 0.684202 0.551110 0.067300 0.121266
0 0.041813 0.555484 0.083626 0.129184
0 0.640786 0.540990 0.036776 0.092754
1 0.319298 0.494894 0.087196 0.094342
1 0.151930 0.501059 0.028016 0.029734
1 0.029266 0.501111 0.022796 0.023101
1 0.683966 0.503044 0.018960 0.021924
0 0.517066 0.578570 0.085516 0.190523
1 0.500418 0.499399 0.023248 0.029698
1 0.258962 0.501795 0.031080 0.027504
1 0.647306 0.501937 0.014476 0.016546
0 0.963101 0.607963 0.073798 0.265311
0 0.031250 0.604386 0.062500 0.237877
1 0.457154 0.496748 0.082000 0.072990
1 0.988792 0.499081 0.022416 0.052060
