0 0.761334 0.788134 0.248340 0.394695
0 0.426794 0.857748 0.378696 0.284503
0 0.879041 0.657157 0.175640 0.285997
0 0.432322 0.645038 0.209544 0.278415
0 0.523894 0.594168 0.160244 0.235820
0 0.778873 0.506576 0.100356 0.168323
0 0.960525 0.435466 0.049288 0.111299
0 0.925421 0.449914 0.067256 0.127294
0 0.731490 0.447664 0.057228 0.123440
1 0.378222 0.764630 0.092740 0.097418
1 0.731437 0.396292 0.019404 0.020446
1 0.947021 0.389945 0.017620 0.021006
1 0.768586 0.436499 0.024908 0.028690
1 0.926166 0.398623 0.025440 0.023600
1 0.407314 0.534649 0.070088 0.065426
1 0.747249 0.625983 0.087612 0.074759
1 0.500034 0.500233 0.054128 0.056902
1 0.859681 0.542380 0.054236 0.054952
