0 0.765441 0.701521 0.277284 0.494210
0 0.066061 0.654087 0.132122 0.370530
0 0.571106 0.651079 0.203416 0.363940
0 0.952987 0.612792 0.094026 0.272857
0 0.172158 0.593526 0.100872 0.221913
0 0.497049 0.576401 0.110908 0.180052
1 0.777717 0.493579 0.070268 0.074668
0 0.090633 0.605710 0.113012 0.269298
1 0.500053 0.500286 0.026700 0.026505
1 0.055194 0.493846 0.035832 0.036560
1 0.151262 0.498508 0.032252 0.030438
1 0.976602 0.500857 0.046797 0.052781
1 0.579550 0.493851 0.071628 0.057607
1 0.021712 0.492789 0.043423 0.054648
