0 0.119333 0.777230 0.238666 0.445541
0 0.506343 0.655452 0.251296 0.392076
0 0.715067 0.551124 0.178300 0.289211
0 0.957806 0.453186 0.084388 0.202590
0 0.335783 0.521295 0.189388 0.274743
0 0.448935 0.460660 0.132284 0.189473
1 0.023633 0.601145 0.047265 0.093757
0 0.923728 0.360645 0.053096 0.120895
0 0.746639 0.402326 0.091616 0.158762
1 0.704488 0.429979 0.043176 0.049399
1 0.499588 0.499394 0.080672 0.081794
0 0.971370 0.341804 0.057260 0.097567
1 0.757415 0.307898 0.018352 0.018513
1 0.967656 0.304422 0.017580 0.019863
1 0.934484 0.311334 0.021084 0.022203
1 0.976600 0.369409 0.030460 0.038666
1 0.742028 0.340139 0.026020 0.031615
0 0.764436 0.356505 0.067868 0.124169
1 0.313235 0.411637 0.064040 0.058977
1 0.435395 0.386950 0.049068 0.051187
