0 0.036525 0.564816 0.073050 0.380630
0 0.783378 0.640857 0.357396 0.568627
0 0.149858 0.501796 0.152896 0.228717
0 0.715362 0.454425 0.078244 0.115513
0 0.238474 0.474366 0.073332 0.159709
1 0.813694 0.398748 0.081684 0.084463
1 0.591758 0.405318 0.037008 0.038414
0 0.500518 0.499690 0.122968 0.225304
1 0.718526 0.409010 0.024408 0.024431
1 0.150854 0.405152 0.033348 0.030537
1 0.222402 0.406736 0.023844 0.022630
0 0.468674 0.464437 0.074284 0.142810
1 0.499954 0.405593 0.032152 0.030125
1 0.483942 0.408468 0.021608 0.026570
1 0.170246 0.404756 0.018060 0.020489
0 0.596718 0.516662 0.145860 0.265808
