0 0.821876 0.753125 0.275000 0.362500
0 0.949218 0.540626 0.101564 0.184374
0 0.630468 0.513281 0.135936 0.167188
0 0.481252 0.499219 0.146876 0.189063
1 0.337500 0.486718 0.037500 0.032812
0 0.378908 0.574999 0.210936 0.218750
1 0.932812 0.463282 0.028124 0.026563
1 0.144532 0.426562 0.029688 0.025000
1 0.602344 0.446875 0.026564 0.028125
1 0.621092 0.426562 0.026564 0.028125
0 0.661720 0.475781 0.079688 0.132813
0 0.178124 0.532811 0.128124 0.212499
1 0.440624 0.418750 0.028124 0.028125
1 0.094532 0.466407 0.035936 0.032812
1 0.765624 0.608594 0.084376 0.079688
