0 0.321491 0.692596 0.268188 0.362257
0 0.766315 0.603972 0.149252 0.271343
0 0.499406 0.500421 0.119048 0.180389
0 0.192406 0.474809 0.119556 0.164732
0 0.022249 0.528278 0.044498 0.208888
1 0.172418 0.409955 0.026428 0.027205
0 0.235875 0.439516 0.071308 0.123892
0 0.063136 0.463998 0.126272 0.177147
1 0.477426 0.425365 0.026908 0.027529
1 0.033819 0.382120 0.018784 0.019454
1 0.199779 0.396894 0.024120 0.028318
1 0.224378 0.389541 0.022008 0.017982
1 0.739198 0.495934 0.058136 0.059740
1 0.272479 0.549336 0.075780 0.073168
