0 0.536718 0.635938 0.260936 0.350001
0 0.321094 0.542188 0.145312 0.190625
0 0.957032 0.592187 0.085936 0.265626
0 0.800782 0.532031 0.110936 0.167189
0 0.426562 0.502345 0.112500 0.135938
1 0.283594 0.463280 0.032812 0.029687
0 0.158594 0.524219 0.135936 0.164063
1 0.784374 0.460938 0.025000 0.025000
1 0.124998 0.457032 0.031248 0.026563
1 0.201562 0.446095 0.021876 0.020313
1 0.500002 0.500781 0.053124 0.060937
1 0.571094 0.448437 0.023436 0.025000
1 0.532030 0.455468 0.023436 0.023438
1 0.435938 0.448437 0.025000 0.028125
0 0.038282 0.515624 0.076564 0.150001
0 0.596874 0.493750 0.065624 0.115625
0 0.217970 0.494530 0.110936 0.123437
1 0.408594 0.458593 0.026564 0.029687
1 0.967186 0.485157 0.056252 0.060937
