0 0.828124 0.653907 0.262500 0.364063
0 0.642968 0.474220 0.129688 0.164063
0 0.353124 0.500000 0.146876 0.175000
0 0.404688 0.460157 0.112500 0.129688
0 0.526564 0.525781 0.171876 0.198436
1 0.494532 0.442969 0.035936 0.032812
1 0.750000 0.420312 0.025000 0.025000
1 0.305468 0.429688 0.032812 0.028125
1 0.785156 0.410156 0.023436 0.026563
1 0.375780 0.408594 0.026564 0.026563
1 0.139064 0.420312 0.031248 0.028125
1 0.171092 0.428124 0.029688 0.031250
1 0.635936 0.400782 0.021876 0.020313
0 0.765624 0.480468 0.109376 0.148437
1 0.777344 0.525000 0.060936 0.071874
