0 0.925001 0.556250 0.149998 0.331249
0 0.674220 0.486718 0.126564 0.154688
0 0.809376 0.500000 0.128124 0.178126
0 0.561720 0.482812 0.145312 0.140625
1 0.778124 0.424220 0.031248 0.026563
0 0.196092 0.499219 0.170312 0.185938
1 0.178124 0.425781 0.040624 0.035937
1 0.646092 0.423437 0.026564 0.025000
1 0.723436 0.425001 0.018748 0.018749
1 0.527344 0.425781 0.023436 0.023438
1 0.550780 0.427343 0.023436 0.026563
1 0.575000 0.425781 0.021876 0.020313
0 0.738280 0.471094 0.089064 0.114062
1 0.925000 0.424220 0.075000 0.060937
