0 0.181287 0.496123 0.084856 0.112234
0 0.364439 0.567066 0.173548 0.284708
0 0.657151 0.512222 0.077984 0.147368
0 0.746695 0.552600 0.101608 0.247144
0 0.541847 0.490320 0.042424 0.096836
0 0.245967 0.501609 0.072000 0.121615
0 0.500483 0.499311 0.056536 0.118827
0 0.459231 0.486954 0.040220 0.085000
1 0.652267 0.450686 0.020068 0.023389
1 0.307691 0.449523 0.023256 0.026464
0 0.320675 0.508921 0.089212 0.148761
1 0.349299 0.450039 0.043060 0.059375
1 0.169359 0.451447 0.020268 0.020439
0 0.427927 0.496499 0.050124 0.111458
1 0.532351 0.451071 0.015916 0.016868
1 0.410775 0.453240 0.017520 0.022507
1 0.448875 0.452570 0.015260 0.014947
1 0.234339 0.450034 0.019004 0.018551
1 0.488759 0.448585 0.016476 0.019035
1 0.734843 0.451755 0.046848 0.047817
