0 0.867968 0.610938 0.260936 0.350001
0 0.652344 0.517188 0.145312 0.190625
0 0.757812 0.477345 0.112500 0.135938
1 0.614844 0.438280 0.032812 0.029687
0 0.489844 0.499219 0.135936 0.164063
1 0.456248 0.432032 0.031248 0.026563
1 0.532812 0.421095 0.021876 0.020313
1 0.831252 0.475781 0.053124 0.060937
1 0.902344 0.423437 0.023436 0.025000
1 0.863280 0.430468 0.023436 0.023438
1 0.313280 0.426562 0.023436 0.021875
1 0.767188 0.423437 0.025000 0.028125
0 0.336720 0.490624 0.142188 0.150001
0 0.928124 0.468750 0.065624 0.115625
0 0.549220 0.469530 0.110936 0.123437
1 0.739844 0.433594 0.026564 0.029687
0 0.041408 0.520313 0.082812 0.193750
