0 0.371875 0.566406 0.209376 0.292187
0 0.667967 0.510937 0.082812 0.146875
0 0.146875 0.497657 0.100000 0.120312
0 0.769531 0.550782 0.114064 0.245313
0 0.499999 0.500000 0.062500 0.121876
0 0.223439 0.501563 0.081252 0.128124
0 0.542187 0.489843 0.046876 0.101563
0 0.453907 0.487501 0.045312 0.090625
1 0.360155 0.449219 0.048436 0.057812
1 0.209375 0.447656 0.018748 0.020313
1 0.134375 0.449219 0.021876 0.023438
1 0.439843 0.452344 0.014064 0.017188
1 0.278127 0.446875 0.012500 0.015624
0 0.275783 0.486718 0.051564 0.098437
0 0.314843 0.511720 0.092188 0.154688
1 0.527343 0.452344 0.020312 0.020313
1 0.297655 0.450000 0.020312 0.025000
1 0.485939 0.450000 0.018748 0.021875
1 0.662499 0.448439 0.021876 0.021875
1 0.758595 0.448439 0.048436 0.050000
