0 0.832428 0.800408 0.268188 0.362257
0 0.703344 0.582622 0.119556 0.164732
0 0.459700 0.636091 0.191472 0.208888
1 0.424700 0.551209 0.039080 0.033098
1 0.683356 0.517768 0.026428 0.027205
0 0.746812 0.547328 0.071308 0.123892
0 0.568084 0.571810 0.138252 0.177147
1 0.020552 0.519333 0.032720 0.028019
1 0.271236 0.499738 0.027580 0.022808
1 0.210748 0.532744 0.032040 0.030692
1 0.544756 0.489933 0.018784 0.019454
1 0.710716 0.504706 0.024120 0.028318
1 0.735316 0.497353 0.022008 0.017982
0 0.237424 0.608397 0.190608 0.179797
0 0.290140 0.554683 0.114944 0.137000
0 0.073384 0.588627 0.067112 0.156265
1 0.059808 0.528655 0.032464 0.032299
1 0.783416 0.657148 0.075780 0.073168
