0 0.725037 0.491436 0.084856 0.112234
0 0.908189 0.562378 0.173548 0.284708
0 0.500653 0.500613 0.108252 0.137171
0 0.410309 0.485410 0.078208 0.097427
0 0.789717 0.496921 0.072000 0.121615
0 0.991435 0.482267 0.017129 0.085000
1 0.851441 0.444836 0.023256 0.026464
0 0.864425 0.504234 0.089212 0.148761
1 0.893049 0.445351 0.043060 0.059375
1 0.400385 0.445416 0.018604 0.016846
1 0.713109 0.446759 0.020268 0.020439
0 0.971677 0.491811 0.050124 0.111458
1 0.490477 0.446647 0.024512 0.026152
1 0.954525 0.448553 0.017520 0.022507
1 0.992498 0.447882 0.015005 0.014947
1 0.778089 0.445347 0.019004 0.018551
