0 0.645280 0.520573 0.091596 0.151861
0 0.371088 0.571155 0.181004 0.307852
0 0.762856 0.552804 0.133168 0.249633
0 0.148000 0.512165 0.101708 0.138652
0 0.059504 0.508385 0.114764 0.127744
0 0.458992 0.510968 0.069024 0.126202
0 0.499616 0.500395 0.052096 0.102762
1 0.234616 0.454207 0.027652 0.026701
1 0.202524 0.455665 0.015532 0.016999
1 0.635928 0.457247 0.022044 0.023891
1 0.129872 0.454619 0.023444 0.021764
0 0.253388 0.521311 0.113468 0.159653
1 0.481948 0.457974 0.018748 0.018833
1 0.034740 0.458620 0.019964 0.024093
1 0.053240 0.459238 0.023984 0.024543
1 0.441576 0.456804 0.018360 0.021231
0 0.214876 0.495499 0.069600 0.107114
1 0.751148 0.450027 0.050720 0.052846
1 0.335332 0.446510 0.064180 0.053570
