0 0.457033 0.629687 0.232812 0.331249
0 0.737501 0.566406 0.103124 0.164063
0 0.164845 0.560156 0.126564 0.154688
0 0.300001 0.573437 0.128124 0.178126
0 0.062501 0.556250 0.125001 0.140625
1 0.724217 0.499219 0.023436 0.026563
1 0.268749 0.497657 0.031248 0.026563
1 0.136717 0.496874 0.026564 0.025000
1 0.500001 0.499219 0.021876 0.023438
0 0.564061 0.546876 0.056252 0.109375
0 0.887501 0.603126 0.146876 0.259375
1 0.214061 0.498438 0.018748 0.018749
0 0.532813 0.556250 0.068752 0.134375
1 0.541405 0.501563 0.020312 0.018749
1 0.017969 0.499219 0.023436 0.023438
1 0.041405 0.500780 0.023436 0.026563
1 0.065625 0.499219 0.021876 0.020313
1 0.560937 0.503905 0.015624 0.014063
0 0.228905 0.544531 0.089064 0.114062
1 0.871877 0.499999 0.053124 0.053125
1 0.415625 0.497657 0.075000 0.060937
